69 1
70 1
71 1
72 1
73 1
74 1
75 1
76 1
77 1
78 1
79 1
80 1
81 1
82 1
83 1
84 1
85 1
86 1
87 1
88 1
89 1
90 1
91 1
92 1
93 1
94 1
95 1
96 1
97 1
98 1
99 1
100 1
101 1
102 1
103 1
104 1
105 1
106 1
107 1
108 1
109 1
110 1
111 1
112 1
113 1
114 1
115 1
116 1
117 1
118 1
119 1
120 1
121 1
122 1
123 1
124 1
125 1
126 1
127 1
128 1
129 1
130 1
131 1
132 1
133 1
134 1
135 1
136 1
137 1
138 1
139 1
140 1
141 1
142 1
143 1
144 1
145 1
146 1
147 1
148 1
149 1
150 1
151 1
152 1
153 1
154 1
155 1
156 1
157 1
158 1
159 1
160 1
161 1
162 1
163 1
164 1
165 1
166 1
167 1
168 1
169 1
170 1
171 1
172 1
173 1
174 1
175 1
176 1
177 1
178 1
179 1
179 2
179 3
179 4
179 5
179 6
179 7
179 8
178 9
177 9
176 9
175 9
174 9
173 9
172 9
171 9
170 9
169 9
168 9
167 9
166 9
165 9
164 9
163 9
162 9
161 9
160 9
159 9
158 9
157 9
156 9
155 9
154 9
153 9
152 9
151 9
150 9
149 9
148 9
147 9
146 9
145 9
144 9
143 9
142 9
141 9
140 9
139 9
138 9
137 9
136 9
135 9
134 9
133 9
132 9
131 9
130 9
129 9
128 9
127 9
126 9
125 9
124 9
123 9
122 9
121 9
120 9
119 9
118 9
117 9
116 9
115 9
114 9
113 9
112 9
111 9
110 9
109 9
108 9
107 9
106 9
105 9
104 9
103 9
102 9
101 9
100 9
99 9
98 9
97 9
96 9
95 9
94 9
93 9
92 9
91 9
90 9
89 9
88 9
87 9
86 9
85 9
84 9
83 9
82 9
81 9
80 9
79 9
78 9
77 9
76 9
75 9
74 9
73 9
72 9
179 9
71 2
70 2
69 2
68 2
68 3
69 3
