65 3
66 3
65 4
64 4
63 4
62 4
61 5
60 5
60 6
60 7
60 8
60 9
61 9
61 10
62 10
63 10
64 10
65 11
65 12
65 13
65 14
65 15
65 16
65 17
64 18
63 18
62 18
61 19
60 19
59 20
60 20
59 21
58 22
58 23
58 24
58 25
58 26
58 27
57 28
57 29
57 30
57 31
57 32
57 33
57 34
57 35
57 36
57 37
57 38
57 39
56 40
55 40
54 40
53 40
52 40
51 40
50 40
49 41
48 42
48 43
47 44
47 45
47 46
47 47
47 48
47 49
46 50
45 51
46 51
44 52
43 52
42 52
41 53
40 53
39 54
38 54
37 54
36 55
37 55
38 55
35 56
34 56
33 57
32 57
31 58
30 58
29 59
28 60
27 60
26 61
25 62
24 63
23 64
22 64
21 65
22 65
21 66
20 66
19 67
20 67
19 68
18 68
17 69
18 69
17 70
16 70
15 71
16 71
15 72
14 72
14 73
13 74
12 75
13 75
12 76
11 76
11 77
10 78
9 79
10 79
9 80
8 81
8 82
7 83
7 84
6 85
6 86
5 87
5 88
4 89
4 90
4 91
3 92
3 93
3 94
2 95
2 96
2 97
2 98
1 99
1 100
1 101
1 102
1 103
1 104
1 105
1 106
1 107
1 108
1 109
1 110
1 111
1 112
1 113
1 114
1 115
1 116
1 117
1 118
1 119
2 120
2 121
2 122
3 123
3 124
3 125
4 126
4 127
4 128
5 129
5 130
6 131
6 132
7 133
7 134
8 134
8 135
9 135
9 136
10 137
10 138
11 138
11 139
12 139
12 140
13 140
13 141
14 141
15 142
16 142
16 143
17 143
18 144
19 144
20 145
21 145
21 146
22 146
23 147
24 147
25 148
26 148
26 149
27 149
28 150
29 150
29 151
30 151
31 152
32 152
33 153
34 153
35 154
36 154
37 155
38 155
38 156
39 156
40 156
41 157
42 157
43 158
44 158
44 159
45 159
45 160
45 161
45 162
45 163
45 164
46 165
46 166
47 166
47 167
48 167
48 168
49 168
50 169
51 169
52 169
53 169
54 169
55 169
56 169
57 169
58 169
59 170
60 170
61 171
61 172
61 173
62 174
62 175
63 176
63 177
64 177
64 178
65 178
34 57
57 40
62 5
63 5
66 4
