66 146
67 146
68 146
69 146
70 146
71 146
72 146
73 147
74 147
75 147
76 147
77 147
78 147
79 147
80 147
81 147
82 147
83 147
84 147
85 147
86 147
87 147
88 147
89 147
90 148
91 148
92 148
93 148
94 149
95 149
96 149
97 149
98 149
99 149
100 149
100 150
101 150
101 151
102 151
103 151
103 152
103 153
102 154
101 154
100 154
99 154
98 154
97 154
96 154
95 154
94 155
93 155
92 155
91 155
90 155
89 155
88 155
87 154
86 154
85 154
84 154
83 154
82 154
81 154
80 154
79 154
78 154
77 154
76 154
75 154
74 154
73 154
72 154
71 154
70 154
69 154
68 154
67 154
66 154
65 154
64 154
63 154
62 154
61 154
60 154
59 154
58 154
57 154
56 154
55 154
54 154
53 154
52 154
51 154
50 154
49 154
48 155
47 155
46 155
45 155
44 155
43 155
42 155
41 154
40 154
39 153
38 153
37 152
37 151
38 150
39 150
40 149
41 149
42 149
43 149
44 149
45 148
46 148
47 148
48 148
49 148
50 147
51 147
52 147
53 147
54 147
55 147
56 147
57 147
58 147
59 147
60 147
61 147
62 147
63 147
64 147
65 147
49 155
