79 55
79 56
80 56
80 57
81 58
81 59
82 59
82 60
83 61
83 62
83 63
84 64
84 65
84 66
84 67
85 68
85 69
85 70
85 71
85 72
85 73
86 74
86 75
86 76
86 77
86 78
86 79
86 80
86 81
86 82
86 83
86 84
86 85
86 86
86 87
86 88
86 89
86 90
86 91
86 92
86 93
86 94
86 95
86 96
86 97
86 98
86 99
86 100
86 101
86 102
86 103
86 104
86 105
86 106
86 107
86 108
86 109
85 110
85 111
85 112
85 113
85 114
85 115
85 116
85 117
85 118
85 119
84 120
84 121
84 122
84 123
84 124
84 125
83 126
83 127
83 128
83 129
82 130
82 131
82 132
82 133
82 134
82 135
82 136
81 137
81 138
80 139
80 140
79 141
