51 157
52 157
53 157
54 157
55 157
56 157
57 157
58 157
59 157
60 157
61 157
62 157
63 157
64 157
65 157
66 157
67 157
68 157
69 157
70 157
71 157
72 157
73 157
74 157
75 157
76 157
77 157
78 157
79 157
80 157
81 157
82 157
83 157
84 157
85 157
86 158
87 158
88 158
89 159
89 160
89 161
89 162
88 163
87 163
87 164
88 164
89 163
86 165
85 166
84 166
83 166
82 166
81 166
80 166
79 166
78 166
77 166
76 166
75 166
74 166
73 166
72 166
71 166
70 166
69 166
68 166
67 166
66 166
65 166
64 166
63 166
62 166
61 166
60 166
59 166
58 166
57 166
56 166
55 166
54 166
53 166
52 166
51 165
50 164
49 163
49 162
49 161
48 160
48 159
49 158
50 158
49 159
49 160
50 163
50 165
51 166
