65 180
66 180
65 181
64 181
63 182
63 183
62 184
62 185
61 186
61 187
61 188
61 189
60 190
60 191
60 192
60 193
59 194
59 195
59 196
59 197
59 198
59 199
59 200
59 201
59 202
59 203
59 204
59 205
59 206
59 207
59 208
59 209
59 210
59 211
59 212
59 213
59 214
59 215
59 216
60 217
60 218
61 218
62 219
63 219
64 219
65 219
66 219
67 219
68 219
69 219
70 219
71 219
72 219
73 219
74 218
75 217
75 216
75 215
75 214
74 213
74 212
74 211
74 210
74 209
74 208
74 207
74 206
74 205
74 204
74 203
74 202
74 201
74 200
74 199
74 198
74 197
74 196
74 195
74 194
74 193
74 192
74 191
74 190
74 189
74 188
74 187
74 186
74 185
74 184
73 183
72 182
71 181
71 182
75 218
74 219
