94 57
95 57
96 58
97 58
97 59
98 59
98 60
99 60
99 61
100 61
100 62
101 62
101 63
102 63
102 64
103 64
103 65
104 65
104 66
105 67
105 68
106 68
106 69
107 70
107 71
108 72
108 73
109 74
109 75
110 76
110 77
110 78
111 79
111 80
111 81
112 82
112 83
112 84
112 85
113 86
113 87
113 88
113 89
113 90
113 91
113 92
114 93
114 94
114 95
114 96
114 97
114 98
114 99
114 100
114 101
114 102
114 103
114 104
114 105
114 106
114 107
114 108
114 109
114 110
114 111
114 112
114 113
114 114
113 115
113 116
113 117
113 118
112 119
112 120
112 121
112 122
111 123
111 124
110 125
110 126
110 127
110 128
109 129
109 130
108 131
108 132
108 133
107 134
107 135
107 136
106 137
106 138
106 139
105 140
104 141
103 142
102 143
103 143
102 144
101 144
