70 10
69 11
70 11
69 12
68 13
68 14
68 15
68 16
69 17
69 18
70 18
71 18
72 19
73 19
74 19
75 19
76 20
77 20
77 21
78 21
78 22
78 23
78 24
78 25
78 26
78 27
78 28
78 29
78 30
78 31
78 32
78 33
77 34
77 35
77 36
77 37
78 38
78 39
79 39
80 39
81 39
82 39
83 39
84 40
85 40
86 41
87 41
87 42
88 42
88 43
88 44
88 45
89 46
89 47
89 48
89 49
90 50
90 51
91 52
92 52
92 53
93 53
94 53
95 53
96 54
97 54
97 55
98 55
99 56
100 56
100 57
101 57
102 58
103 58
103 59
104 59
105 60
106 60
106 61
107 61
108 62
109 62
109 63
110 63
110 64
111 64
111 65
112 65
112 66
113 66
114 67
115 68
116 69
117 69
117 70
118 70
118 71
119 71
119 72
120 73
120 74
121 74
121 75
122 75
122 76
123 77
123 78
124 78
124 79
125 80
125 81
126 82
126 83
126 84
127 85
127 86
128 87
128 88
128 89
128 90
129 91
129 92
129 93
129 94
130 95
130 96
130 97
130 98
130 99
130 100
131 101
131 102
131 103
131 104
131 105
131 106
131 107
131 108
131 109
131 110
130 111
130 112
130 113
130 114
130 115
130 116
130 117
129 118
129 119
128 120
128 121
128 122
128 123
128 124
127 125
127 126
126 127
127 127
126 128
126 129
126 130
126 131
125 132
125 133
124 134
124 135
124 136
123 137
123 138
122 139
123 139
122 140
121 141
121 142
120 143
120 144
119 145
118 146
119 146
118 147
117 147
116 148
117 148
116 149
115 149
114 150
115 150
114 151
113 151
112 152
113 152
111 153
110 153
109 154
108 154
107 154
106 155
105 155
104 155
103 156
102 156
101 156
100 156
99 156
98 157
97 157
96 157
95 158
94 158
94 159
93 160
93 161
93 162
93 163
93 164
92 165
92 166
91 167
90 168
89 168
88 168
87 169
86 169
85 169
84 169
83 169
82 169
81 169
80 169
79 169
78 169
77 169
76 169
75 170
74 171
74 172
74 173
74 174
74 175
73 176
72 177
73 177
72 178
71 178
71 179
