64 42
65 42
66 42
67 42
68 42
69 42
70 42
71 42
72 42
73 42
74 42
75 42
76 42
77 42
78 42
79 42
80 42
81 42
82 42
83 42
83 43
84 43
85 43
85 44
85 45
85 46
86 46
86 47
86 48
86 49
85 50
84 50
83 50
82 50
81 50
80 50
79 50
78 50
77 50
76 50
75 50
74 50
73 50
72 50
71 50
70 50
69 50
68 50
67 50
66 50
65 50
64 50
63 50
62 50
61 50
60 50
59 50
58 50
57 50
56 50
55 50
54 50
53 50
52 50
51 50
50 49
50 48
50 47
50 46
50 45
50 44
50 43
51 43
52 43
53 43
54 43
55 43
56 43
57 43
58 43
59 43
60 43
61 43
62 43
63 43
64 43
50 50
86 50
