45 55
46 55
45 56
44 56
43 56
42 57
41 57
40 58
41 58
39 59
38 59
37 60
38 60
37 61
36 61
35 62
36 62
35 63
34 64
33 65
34 65
33 66
32 66
32 67
31 68
30 69
31 69
30 70
29 71
29 72
28 73
27 74
28 74
27 75
28 75
27 76
26 76
26 77
25 78
26 78
25 79
25 80
24 81
25 81
24 82
23 83
24 83
23 84
23 85
23 86
23 87
22 88
22 89
22 90
21 91
21 92
21 93
21 94
21 95
21 96
21 97
20 98
20 99
20 100
20 101
20 102
20 103
20 104
20 105
20 106
20 107
20 108
20 109
20 110
20 111
20 112
20 113
21 114
21 115
21 116
21 117
21 118
21 119
22 120
22 121
22 122
22 123
23 124
23 125
23 126
24 127
24 128
24 129
25 129
25 130
25 131
26 131
26 132
26 133
27 133
27 134
27 135
28 135
28 136
28 137
29 137
29 138
30 138
30 139
31 139
31 140
32 141
33 142
34 143
