61 55
60 56
59 57
58 58
59 58
58 59
57 59
57 60
56 61
55 62
56 62
55 63
54 64
54 65
53 66
54 66
53 67
53 68
52 69
52 70
52 71
51 72
51 73
51 74
50 75
50 76
50 77
49 78
49 79
49 80
49 81
49 82
49 83
48 84
48 85
48 86
48 87
48 88
48 89
48 90
47 91
48 91
47 92
47 93
47 94
47 95
47 96
47 97
47 98
47 99
47 100
47 101
47 102
47 103
47 104
47 105
47 106
47 107
47 108
47 109
47 110
47 111
47 112
47 113
47 114
47 115
47 116
47 117
47 118
47 119
47 120
48 120
48 121
48 122
48 123
49 124
49 125
49 126
49 127
49 128
50 129
50 130
50 131
51 132
51 133
51 134
52 135
52 136
53 137
53 138
54 138
54 139
55 140
55 141
