51 143
52 143
53 143
54 143
55 143
56 143
57 143
58 143
59 143
60 143
61 143
62 143
63 143
64 143
65 143
66 143
67 143
68 143
69 143
70 143
71 143
72 143
73 143
74 143
75 143
76 143
77 143
78 143
79 143
80 143
81 143
82 143
83 143
84 143
83 144
84 144
85 144
86 144
87 144
88 144
89 144
90 144
90 145
91 145
92 145
93 145
94 145
95 145
95 146
96 146
97 146
98 146
99 146
100 146
101 146
102 146
51 144
50 144
49 144
48 144
47 144
46 145
45 145
44 145
43 145
42 145
41 145
40 145
39 145
38 145
37 145
36 145
35 145
34 145
33 145
32 145
47 145
48 145
