92 8
93 8
94 8
95 8
96 8
97 8
98 8
99 8
100 8
101 8
102 8
103 8
104 8
105 8
106 8
107 8
108 8
109 8
110 8
111 8
112 8
113 8
114 8
115 8
116 8
117 8
118 8
119 8
120 8
121 8
122 8
123 8
124 8
125 8
126 8
127 8
128 8
129 8
130 8
131 8
132 8
133 8
134 8
135 8
136 8
137 8
138 8
139 8
140 8
141 8
142 8
143 8
144 8
145 8
146 8
147 8
148 8
149 8
150 8
151 8
152 8
153 8
154 8
155 8
156 8
157 8
158 8
159 8
160 8
161 8
162 8
163 8
164 8
165 8
166 8
167 8
168 8
169 8
170 8
171 8
172 8
173 8
174 8
175 8
176 8
177 8
178 8
179 8
180 8
181 8
182 8
183 8
184 8
185 8
186 8
187 8
188 8
189 8
190 8
191 8
192 8
193 8
194 8
195 8
196 8
197 8
198 8
199 8
200 8
201 8
202 8
203 8
204 8
204 9
204 10
204 11
204 12
204 13
204 14
204 15
203 16
202 16
201 16
200 16
199 16
198 16
197 16
196 16
195 16
194 16
193 16
192 16
191 16
190 16
189 16
188 16
187 16
186 16
185 16
184 16
183 16
182 16
181 16
180 16
179 16
178 16
177 16
176 16
175 16
174 16
173 16
172 16
171 16
170 16
169 16
168 16
167 16
166 16
165 16
164 16
163 16
162 16
161 16
160 16
159 16
158 16
157 16
156 16
155 16
154 16
153 16
152 16
151 16
150 16
149 16
148 16
147 16
146 16
145 16
144 16
143 16
142 16
141 16
140 16
139 16
138 16
137 16
136 16
135 16
134 16
133 16
132 16
131 16
130 16
129 16
128 16
127 16
126 16
125 16
124 16
123 16
122 16
121 16
120 16
119 16
118 16
117 16
116 16
115 16
114 16
113 16
112 16
111 16
110 16
109 16
108 16
107 16
106 16
105 16
104 16
103 16
102 16
101 16
100 16
99 16
98 16
97 16
204 16
94 9
93 9
93 10
