96 188
96 189
97 189
98 190
99 191
99 192
99 193
99 194
99 195
99 196
99 197
99 198
99 199
99 200
99 201
99 202
99 203
99 204
99 205
99 206
99 207
99 208
99 209
99 210
99 211
99 212
99 213
99 214
99 215
99 216
99 217
99 218
99 219
99 220
100 221
100 222
100 223
100 224
99 225
100 225
99 226
98 226
97 226
96 226
95 226
94 226
93 226
92 226
91 226
90 226
89 226
88 226
87 226
86 225
85 224
84 223
84 222
84 221
84 220
84 219
84 218
84 217
84 216
84 215
84 214
84 213
84 212
84 211
84 210
84 209
84 208
84 207
84 206
84 205
84 204
84 203
84 202
84 201
85 200
85 199
85 198
85 197
86 196
86 195
86 194
86 193
87 192
87 191
88 190
88 189
89 188
90 187
91 187
90 188
85 225
