69 59
68 59
67 59
66 60
65 60
64 61
63 61
62 61
61 62
62 62
63 62
60 63
59 63
58 64
57 64
56 65
55 65
54 66
53 67
52 67
51 68
50 69
49 70
48 71
47 71
46 72
47 72
46 73
45 73
44 74
45 74
44 75
43 75
42 76
43 76
42 77
41 77
40 78
41 78
40 79
39 79
39 80
38 81
37 82
38 82
37 83
36 83
36 84
35 85
34 86
35 86
34 87
33 88
33 89
32 90
32 91
31 92
31 93
30 94
30 95
29 96
29 97
29 98
28 99
28 100
28 101
27 102
27 103
27 104
27 105
26 106
26 107
26 108
26 109
26 110
26 111
26 112
26 113
26 114
26 115
26 116
26 117
26 118
26 119
26 120
26 121
26 122
26 123
26 124
26 125
26 126
27 127
27 128
27 129
28 130
28 131
28 132
29 133
29 134
29 135
30 136
30 137
31 138
31 139
32 140
32 141
33 141
33 142
34 142
34 143
35 144
35 145
36 145
36 146
37 146
37 147
38 147
38 148
39 148
40 149
41 149
41 150
42 150
43 151
44 151
45 152
46 152
46 153
47 153
48 154
49 154
50 155
51 155
51 156
52 156
53 157
54 157
54 158
55 158
56 159
57 159
58 160
59 160
60 161
61 161
62 162
63 162
63 163
64 163
65 163
66 164
67 164
59 64
