86 62
85 63
84 64
83 65
84 65
83 66
82 66
82 67
81 68
80 69
81 69
80 70
79 71
79 72
78 73
79 73
78 74
78 75
77 76
77 77
77 78
76 79
76 80
76 81
75 82
75 83
75 84
74 85
74 86
74 87
74 88
74 89
74 90
73 91
73 92
73 93
73 94
73 95
73 96
73 97
72 98
73 98
72 99
72 100
72 101
72 102
72 103
72 104
72 105
72 106
72 107
72 108
72 109
72 110
72 111
72 112
72 113
72 114
72 115
72 116
72 117
72 118
72 119
72 120
72 121
72 122
72 123
72 124
72 125
72 126
72 127
73 127
73 128
73 129
73 130
74 131
74 132
74 133
74 134
74 135
75 136
75 137
75 138
76 139
76 140
76 141
77 142
77 143
78 144
78 145
79 145
79 146
80 147
80 148
