39 102
40 101
40 100
40 99
40 98
40 97
40 96
40 95
40 94
40 93
40 92
40 91
41 90
41 89
41 88
41 87
41 86
41 85
42 84
42 83
42 82
42 81
43 80
43 79
43 78
44 77
44 76
45 75
45 74
45 73
46 72
46 71
46 70
47 69
47 68
48 67
48 66
49 65
49 64
50 63
50 62
51 61
51 60
52 59
53 58
54 57
54 56
55 55
56 54
57 53
58 52
59 51
60 50
61 49
62 48
63 47
64 46
65 45
66 44
67 43
68 42
69 42
70 41
71 40
72 40
73 39
74 39
75 38
76 38
77 37
78 37
79 36
80 36
81 35
82 35
83 35
84 34
85 34
86 33
87 33
88 33
89 32
90 32
91 32
92 31
93 31
94 30
95 30
96 30
97 30
98 29
99 29
100 29
101 28
102 28
103 28
104 28
105 27
106 27
107 27
108 27
109 27
110 26
111 26
112 26
113 26
114 26
115 26
116 25
117 25
118 25
119 25
120 25
121 25
122 25
123 25
124 25
125 25
126 25
127 25
128 25
129 25
130 25
131 25
132 25
133 25
134 25
135 25
136 25
137 26
138 26
139 26
140 26
141 26
142 26
143 27
144 27
145 27
146 27
147 27
148 28
149 28
150 28
151 28
152 29
153 29
154 30
155 30
156 30
157 30
158 30
159 31
160 31
161 32
162 32
163 32
164 33
165 33
166 33
167 34
168 34
169 35
170 35
171 35
172 36
173 36
174 37
175 37
176 38
177 38
178 39
179 39
180 40
181 40
181 41
182 41
182 42
183 42
184 43
185 43
185 44
186 44
187 45
188 46
188 47
189 47
189 48
190 48
190 49
191 49
191 50
192 50
192 51
193 51
194 52
195 53
195 54
196 54
196 55
197 55
197 56
198 57
198 58
199 58
199 59
200 59
200 60
201 60
201 61
202 62
202 63
202 64
203 65
203 66
204 66
204 67
205 68
205 69
205 70
206 71
206 72
207 73
207 74
207 75
208 76
208 77
208 78
208 79
209 80
209 81
209 82
209 83
209 84
210 85
210 86
210 87
210 88
210 89
210 90
210 91
211 92
211 93
211 94
211 95
211 96
211 97
211 98
212 99
212 100
212 101
212 102
212 103
212 104
212 105
212 106
212 107
212 108
212 109
212 110
212 111
212 112
212 113
212 114
212 115
212 116
212 117
212 118
212 119
212 120
212 121
212 122
212 123
212 124
211 125
211 126
211 127
211 128
211 129
211 130
211 131
210 132
210 133
210 134
210 135
210 136
209 137
209 138
209 139
209 140
209 141
209 142
208 143
208 144
208 145
207 146
207 147
207 148
206 149
206 150
205 151
205 152
204 153
204 154
203 155
203 156
202 157
202 158
201 159
201 160
200 161
199 162
200 162
199 163
198 163
197 164
198 164
197 165
196 166
195 167
196 167
195 168
194 168
193 169
194 169
193 170
192 170
191 171
192 171
191 172
190 172
189 173
190 173
189 174
188 174
187 175
188 175
187 176
186 176
185 177
186 177
185 178
184 178
183 179
182 179
181 180
182 180
181 181
180 181
179 182
178 182
177 183
176 183
175 184
174 184
173 185
172 185
171 186
170 186
169 187
168 187
167 188
166 188
165 188
164 188
163 189
162 189
161 190
160 190
159 190
158 191
157 191
156 191
155 191
154 192
153 192
152 192
151 192
150 193
149 193
148 193
147 193
146 193
145 193
144 193
143 194
142 194
141 194
140 194
139 194
138 194
137 194
136 194
135 194
134 194
133 194
132 194
131 194
130 194
129 194
128 194
127 194
126 194
125 194
124 194
123 194
122 194
121 194
120 194
119 194
118 194
117 194
116 194
115 194
114 194
113 194
112 194
111 194
110 194
109 194
108 193
107 193
106 193
105 193
104 193
103 193
102 193
101 192
100 192
99 192
98 192
97 192
96 191
95 191
94 191
93 190
92 190
91 190
90 189
89 189
88 189
87 188
86 188
85 187
84 187
83 187
82 186
81 186
80 185
79 185
78 184
77 184
76 183
75 183
74 182
73 181
72 181
71 180
70 179
69 179
68 178
67 177
66 176
65 176
64 175
63 174
62 173
61 172
60 171
59 170
58 169
57 168
56 167
55 166
55 165
54 164
53 163
53 162
52 161
51 160
51 159
50 158
49 157
49 156
48 155
48 154
47 153
47 152
47 151
46 150
46 149
45 148
45 147
45 146
44 145
44 144
43 143
43 142
42 141
42 140
42 139
42 138
41 137
41 136
41 135
41 134
41 133
41 132
40 131
40 130
40 129
40 128
40 127
40 126
40 125
40 124
40 123
40 122
39 121
39 120
39 119
39 118
39 117
39 116
39 115
39 114
39 113
39 112
39 111
39 110
39 109
39 108
39 107
39 106
39 105
39 104
39 103
50 157
52 160
54 163
56 166
57 167
58 168
59 169
60 170
61 171
62 174
63 175
66 177
67 178
70 180
73 182
71 41
68 43
67 44
66 45
65 46
62 49
61 50
60 51
59 52
58 53
57 54
56 55
55 56
53 59
52 60
