63 151
64 150
64 149
65 148
66 147
67 147
68 146
69 145
70 145
71 144
72 144
73 143
74 143
75 142
76 142
77 141
78 140
79 140
80 139
81 139
82 138
83 138
84 137
85 137
86 136
87 136
88 135
89 135
90 134
91 134
92 133
93 133
94 132
95 132
96 131
97 131
98 130
99 130
100 129
101 129
102 128
103 128
104 127
105 126
106 126
107 125
108 125
109 125
110 124
111 123
112 123
113 122
114 122
115 122
115 123
116 123
115 124
116 124
115 125
115 126
114 127
114 128
114 129
113 130
113 131
112 132
112 133
111 134
111 135
111 136
110 137
110 138
110 139
109 140
109 141
108 142
108 143
107 144
107 145
106 146
106 147
105 148
105 149
105 150
104 151
104 152
103 153
103 154
103 155
102 156
102 157
101 158
101 159
100 160
99 161
100 161
99 162
98 163
98 164
97 165
97 166
96 167
95 168
96 168
95 169
94 169
93 170
94 170
93 171
92 171
91 172
90 172
89 173
88 173
87 173
86 173
85 173
84 173
83 173
82 172
81 172
80 172
79 171
78 171
77 170
76 170
75 169
74 168
73 167
72 167
71 166
70 165
69 164
68 163
67 162
66 161
65 160
64 159
64 158
64 157
63 156
63 155
63 154
63 153
63 152
65 158
65 159
66 160
67 161
68 162
69 165
70 166
73 168
74 169
77 171
92 172
111 124
105 127
82 139
78 141
69 146
66 148
65 149
