87 51
88 50
88 49
89 48
89 47
90 46
90 45
91 44
92 44
93 43
94 42
95 42
96 41
97 41
98 40
99 40
100 39
101 39
102 39
103 38
104 38
105 37
106 37
107 37
108 37
109 36
110 36
111 36
112 36
113 36
114 37
115 37
116 37
117 38
118 38
118 39
119 39
119 40
120 40
120 41
121 42
121 43
121 44
121 45
121 46
121 47
121 48
121 49
121 50
121 51
121 52
121 53
121 54
121 55
121 56
121 57
122 58
122 59
122 60
122 61
122 62
122 63
122 64
122 65
122 66
122 67
122 68
122 69
122 70
122 71
122 72
122 73
122 74
122 75
122 76
122 77
122 78
122 79
122 80
122 81
122 82
122 83
122 84
122 85
122 86
122 87
122 88
122 89
122 90
122 91
122 92
122 93
122 94
122 95
121 96
120 96
119 96
118 95
117 94
116 93
115 92
114 91
113 90
112 89
111 88
111 87
110 86
109 85
108 84
107 83
106 82
105 81
105 80
104 79
103 78
102 77
101 76
100 75
99 74
99 73
98 72
97 71
96 70
96 69
95 68
94 67
93 66
93 65
92 64
91 63
91 62
90 61
90 60
89 59
89 58
88 57
88 56
87 55
87 54
87 53
87 52
92 63
94 66
95 67
97 70
98 71
100 74
101 75
102 76
103 77
106 81
107 82
108 83
109 84
110 85
112 88
113 89
114 90
115 91
116 92
117 93
118 96
94 43
91 45
