103 174
104 173
104 172
104 171
105 170
105 169
106 168
106 167
107 166
107 165
107 164
108 163
108 162
109 161
109 160
110 159
110 158
110 157
111 156
111 155
111 154
112 153
112 152
113 151
113 150
114 149
114 148
115 147
115 146
116 145
116 144
117 143
117 142
117 141
118 140
118 139
119 138
119 137
119 136
120 135
120 134
121 133
121 132
122 131
122 130
123 129
123 128
124 127
124 126
125 125
126 125
127 125
127 126
128 127
128 128
128 129
129 130
129 131
129 132
130 133
130 134
131 135
131 136
131 137
131 138
131 139
132 140
132 141
132 142
132 143
133 144
133 145
133 146
134 147
134 148
134 149
135 150
135 151
135 152
136 153
136 154
136 155
137 156
137 157
137 158
137 159
138 160
138 161
138 162
138 163
138 164
138 165
138 166
138 167
138 168
139 169
139 170
139 171
139 172
139 173
139 174
139 175
139 176
139 177
139 178
138 179
137 180
138 180
137 181
136 181
135 182
136 182
135 183
134 183
133 183
132 184
131 184
130 184
129 185
128 185
127 185
126 185
125 185
124 185
123 185
122 185
121 185
120 185
119 185
118 185
117 185
116 185
115 185
114 184
113 184
112 184
111 184
110 183
109 183
108 182
107 182
106 181
105 180
104 179
104 178
103 177
103 176
103 175
105 179
108 183
125 126
121 134
