130 61
131 60
131 59
131 58
131 57
131 56
131 55
131 54
131 53
131 52
131 51
131 50
130 62
130 63
130 64
130 65
130 66
130 67
130 68
130 69
130 70
130 71
130 72
130 73
130 74
130 75
130 76
130 77
130 78
130 79
130 80
130 81
130 82
130 83
130 84
130 85
130 86
130 87
130 88
130 89
130 90
130 91
130 92
130 93
130 94
131 95
131 96
132 96
133 96
134 95
135 94
136 93
137 92
138 91
138 90
139 89
140 88
141 87
142 86
143 85
144 84
145 83
146 82
146 81
147 80
148 79
149 78
150 77
151 76
151 75
152 74
153 73
154 72
155 71
156 70
157 69
157 68
158 67
159 66
160 65
161 64
161 63
162 62
163 61
164 60
165 59
165 58
166 57
167 56
167 55
168 54
168 53
168 52
168 51
167 50
167 49
167 48
166 47
165 46
164 45
163 44
162 43
161 43
160 42
159 42
158 41
157 41
156 40
155 40
154 40
153 39
152 39
151 39
150 38
149 38
148 38
147 38
146 38
145 38
144 38
143 38
142 38
141 38
140 39
139 39
138 40
137 40
136 41
135 41
134 42
135 42
134 43
133 44
133 45
132 46
132 47
132 48
164 44
165 45
166 46
166 58
164 61
163 62
162 63
160 66
159 67
158 68
156 71
155 72
154 73
153 74
152 75
150 78
149 79
148 80
147 81
143 86
140 89
139 90
137 93
136 94
135 95
134 96
