136 124
137 123
137 122
138 122
139 122
140 123
141 123
142 124
143 124
143 125
144 125
145 126
146 126
146 127
147 127
148 128
149 128
149 129
150 129
151 130
152 130
152 131
153 131
153 132
154 132
155 133
156 133
156 134
157 134
158 135
159 135
159 136
160 136
161 137
162 137
162 138
163 138
163 139
164 139
165 140
166 140
166 141
167 141
168 142
169 142
169 143
170 143
170 144
171 144
171 145
172 145
173 146
174 147
174 148
175 148
176 149
177 149
177 150
178 150
178 151
179 151
179 152
180 152
180 153
181 154
181 155
181 156
181 157
181 158
181 159
181 160
181 161
181 162
180 163
180 164
179 165
180 165
179 166
178 166
177 167
178 167
177 168
176 168
175 169
176 169
175 170
174 170
173 171
174 171
173 172
172 172
171 173
172 173
170 174
169 174
168 175
167 175
166 176
167 176
165 177
164 177
163 177
162 178
161 178
160 178
159 178
158 178
157 178
156 178
155 177
154 177
153 176
152 175
151 174
151 173
150 172
150 171
149 170
149 169
149 168
148 167
148 166
152 176
153 177
137 125
137 126
137 127
138 128
138 129
138 130
138 131
138 132
138 133
139 134
139 135
139 136
140 137
140 138
140 139
141 140
141 141
141 142
141 143
142 144
142 145
142 146
143 147
143 148
143 149
143 150
144 151
144 152
144 153
145 154
145 155
145 156
145 157
146 158
146 159
146 160
146 161
147 162
147 163
147 164
