47 110
48 109
48 108
49 107
49 106
50 105
51 104
52 103
53 103
54 102
55 102
56 102
57 102
58 102
59 102
60 102
61 102
62 103
63 103
64 103
65 103
66 103
67 104
68 104
69 104
70 104
71 104
72 104
73 104
74 104
75 105
76 105
77 105
78 105
79 105
80 106
81 106
82 106
83 106
84 106
85 106
86 107
87 107
88 107
89 107
90 107
91 108
92 108
93 108
94 108
95 108
96 109
97 109
98 109
99 109
100 109
101 110
102 110
103 110
104 110
105 110
106 111
107 111
108 111
109 112
109 113
109 114
108 115
107 115
106 116
107 116
105 117
104 117
103 118
102 118
101 119
100 119
99 120
100 120
98 121
97 121
96 122
95 122
94 123
93 123
92 124
91 124
90 125
89 125
88 126
87 126
86 127
87 127
85 128
84 128
83 129
82 129
81 130
80 130
79 131
78 131
77 132
76 132
75 133
74 133
73 134
72 134
71 134
70 134
69 135
68 135
67 136
66 136
65 136
64 137
63 137
62 137
61 137
60 137
59 136
58 136
57 136
56 135
55 134
54 133
53 132
52 131
51 130
51 129
50 128
50 127
49 126
49 125
48 124
48 123
48 122
48 121
47 120
47 119
47 118
47 117
47 116
47 115
47 114
47 113
47 112
47 111
52 132
53 133
54 134
55 135
56 136
104 118
52 104
51 105
50 106
