139 101
140 100
140 99
141 98
142 97
143 96
144 96
145 95
146 94
146 93
147 92
148 91
149 90
150 89
151 88
152 87
153 86
154 85
155 84
156 83
157 82
158 82
159 81
160 80
161 79
162 78
163 77
164 76
165 75
166 74
167 73
168 72
169 72
170 71
171 70
172 69
173 68
174 68
175 67
176 66
177 66
178 65
179 65
180 65
181 65
182 65
183 65
184 65
185 65
186 66
187 66
187 67
188 67
189 68
190 68
190 69
191 69
191 70
192 70
192 71
193 71
193 72
194 72
194 73
195 74
195 75
196 76
196 77
197 78
197 79
198 80
198 81
198 82
199 83
199 84
200 85
200 86
200 87
200 88
200 89
200 90
199 91
199 92
199 93
198 94
197 95
198 95
197 96
196 96
195 97
194 97
193 97
192 97
191 97
190 98
189 98
188 98
187 98
186 98
185 98
184 98
183 99
182 99
181 99
180 99
179 99
178 99
177 99
176 99
175 99
174 100
173 100
172 100
171 100
170 100
169 100
168 100
167 100
166 100
165 100
164 100
163 100
162 101
161 101
160 101
159 101
158 101
157 101
156 101
155 101
154 101
153 101
152 102
151 102
150 102
149 102
148 102
147 102
146 102
145 102
144 102
143 102
142 102
141 102
140 102
176 67
173 69
172 70
171 71
168 73
167 74
166 75
165 76
164 77
163 78
160 81
157 83
156 84
155 85
154 86
153 87
152 88
151 89
150 90
149 91
148 92
147 93
143 97
142 98
141 99
