141 112
142 112
143 111
144 111
145 111
146 111
147 111
148 111
149 111
150 111
151 110
152 110
153 110
154 110
155 110
156 110
157 109
158 109
159 109
160 109
161 109
162 109
163 109
164 109
165 109
166 109
167 108
168 108
169 108
170 108
171 108
172 108
173 108
174 108
175 108
176 107
177 107
178 107
179 107
180 107
181 107
182 107
183 107
184 107
185 107
186 107
187 107
188 107
189 107
190 107
191 107
192 107
193 108
194 108
195 109
196 109
196 110
197 110
197 111
198 111
198 112
199 112
199 113
200 113
200 114
201 115
201 116
201 117
201 118
201 119
201 120
201 121
201 122
201 123
201 124
201 125
201 126
201 127
201 128
201 129
200 130
200 131
200 132
200 133
199 134
199 135
198 136
198 137
197 138
198 138
197 139
196 139
195 140
196 140
195 141
194 141
193 142
194 142
192 143
191 143
190 143
189 143
188 143
187 143
186 142
185 142
184 142
183 141
182 140
181 140
180 139
179 139
178 138
177 138
176 137
175 136
174 135
173 135
172 134
171 134
170 133
169 133
168 132
167 131
166 131
165 130
164 129
163 129
162 128
161 127
160 127
159 126
158 126
157 125
156 124
155 124
154 123
153 122
152 122
151 121
150 121
149 120
148 119
147 119
146 118
145 117
144 117
143 116
142 115
141 114
141 113
141 115
142 116
145 118
148 120
153 123
156 125
161 128
164 130
167 132
174 136
175 137
182 141
