90 10
91 10
90 11
89 11
88 11
87 11
86 12
85 12
85 13
85 14
85 15
85 16
86 16
86 17
87 17
88 17
89 17
90 18
90 19
90 20
90 21
90 22
90 23
90 24
89 25
88 25
87 25
86 26
85 26
84 27
85 27
84 28
83 29
83 30
83 31
83 32
83 33
83 34
82 35
82 36
82 37
82 38
82 39
82 40
82 41
82 42
82 43
82 44
82 45
82 46
81 47
80 47
79 47
78 47
77 47
76 47
75 47
74 48
73 49
73 50
72 51
72 52
72 53
72 54
72 55
72 56
71 57
70 58
71 58
69 59
68 59
67 59
66 60
65 60
64 61
63 61
62 61
61 62
62 62
63 62
60 63
59 63
58 64
57 64
56 65
55 65
54 66
53 67
52 67
51 68
50 69
49 70
48 71
47 71
46 72
47 72
46 73
45 73
44 74
45 74
44 75
43 75
42 76
43 76
42 77
41 77
40 78
41 78
40 79
39 79
39 80
38 81
37 82
38 82
37 83
36 83
36 84
35 85
34 86
35 86
34 87
33 88
33 89
32 90
32 91
31 92
31 93
30 94
30 95
29 96
29 97
29 98
28 99
28 100
28 101
27 102
27 103
27 104
27 105
26 106
26 107
26 108
26 109
26 110
26 111
26 112
26 113
26 114
26 115
26 116
26 117
26 118
26 119
26 120
26 121
26 122
26 123
26 124
26 125
26 126
27 127
27 128
27 129
28 130
28 131
28 132
29 133
29 134
29 135
30 136
30 137
31 138
31 139
32 140
32 141
33 141
33 142
34 142
34 143
35 144
35 145
36 145
36 146
37 146
37 147
38 147
38 148
39 148
40 149
41 149
41 150
42 150
43 151
44 151
45 152
46 152
46 153
47 153
48 154
49 154
50 155
51 155
51 156
52 156
53 157
54 157
54 158
55 158
56 159
57 159
58 160
59 160
60 161
61 161
62 162
63 162
63 163
64 163
65 163
66 164
67 164
68 165
69 165
69 166
70 166
70 167
70 168
70 169
70 170
70 171
71 172
71 173
72 173
72 174
73 174
73 175
74 175
75 176
76 176
77 176
78 176
79 176
80 176
81 176
82 176
83 176
84 177
85 177
86 178
86 179
86 180
87 181
87 182
88 183
88 184
89 184
89 185
90 185
59 64
82 47
87 12
88 12
91 11
