119 64
120 64
121 65
122 65
122 66
123 66
123 67
124 67
124 68
125 68
125 69
126 69
126 70
127 70
127 71
128 71
128 72
129 72
129 73
130 74
130 75
131 75
131 76
132 77
132 78
133 79
133 80
134 81
134 82
135 83
135 84
135 85
136 86
136 87
136 88
137 89
137 90
137 91
137 92
138 93
138 94
138 95
138 96
138 97
138 98
138 99
139 100
139 101
139 102
139 103
139 104
139 105
139 106
139 107
139 108
139 109
139 110
139 111
139 112
139 113
139 114
139 115
139 116
139 117
139 118
139 119
139 120
139 121
138 122
138 123
138 124
138 125
137 126
137 127
137 128
137 129
136 130
136 131
135 132
135 133
135 134
135 135
134 136
134 137
133 138
133 139
133 140
132 141
132 142
132 143
131 144
131 145
131 146
130 147
129 148
128 149
127 150
128 150
127 151
126 151
