95 17
94 18
95 18
94 19
93 20
93 21
93 22
93 23
94 24
94 25
95 25
96 25
97 26
98 26
99 26
100 26
101 27
102 27
102 28
103 28
103 29
103 30
103 31
103 32
103 33
103 34
103 35
103 36
103 37
103 38
103 39
103 40
102 41
102 42
102 43
102 44
103 45
103 46
104 46
105 46
106 46
107 46
108 46
109 47
110 47
111 48
112 48
112 49
113 49
113 50
113 51
113 52
114 53
114 54
114 55
114 56
115 57
115 58
116 59
117 59
117 60
118 60
119 60
120 60
121 61
122 61
122 62
123 62
124 63
125 63
125 64
126 64
127 65
128 65
128 66
129 66
130 67
131 67
131 68
132 68
133 69
134 69
134 70
135 70
135 71
136 71
136 72
137 72
137 73
138 73
139 74
140 75
141 76
142 76
142 77
143 77
143 78
144 78
144 79
145 80
145 81
146 81
146 82
147 82
147 83
148 84
148 85
149 85
149 86
150 87
150 88
151 89
151 90
151 91
152 92
152 93
153 94
153 95
153 96
153 97
154 98
154 99
154 100
154 101
155 102
155 103
155 104
155 105
155 106
155 107
156 108
156 109
156 110
156 111
156 112
156 113
156 114
156 115
156 116
156 117
155 118
155 119
155 120
155 121
155 122
155 123
155 124
154 125
154 126
153 127
153 128
153 129
153 130
153 131
152 132
152 133
151 134
152 134
151 135
151 136
151 137
151 138
150 139
150 140
149 141
149 142
149 143
148 144
148 145
147 146
148 146
147 147
146 148
146 149
145 150
145 151
144 152
143 153
144 153
143 154
142 154
141 155
142 155
141 156
140 156
139 157
140 157
139 158
138 158
137 159
138 159
136 160
135 160
134 161
133 161
132 161
131 162
130 162
129 162
128 163
127 163
126 163
125 163
124 163
123 164
122 164
121 164
120 165
119 165
119 166
118 167
118 168
118 169
118 170
118 171
117 172
117 173
116 174
115 175
114 175
113 175
112 176
111 176
110 176
109 176
108 176
107 176
106 176
105 176
104 176
103 176
102 176
101 176
100 177
99 178
99 179
99 180
99 181
99 182
98 183
97 184
98 184
97 185
96 185
96 186
