89 49
90 49
91 49
92 49
93 49
94 49
95 49
96 49
97 49
98 49
99 49
100 49
101 49
102 49
103 49
104 49
105 49
106 49
107 49
108 49
108 50
109 50
110 50
110 51
110 52
110 53
111 53
111 54
111 55
111 56
110 57
109 57
108 57
107 57
106 57
105 57
104 57
103 57
102 57
101 57
100 57
99 57
98 57
97 57
96 57
95 57
94 57
93 57
92 57
91 57
90 57
89 57
88 57
87 57
86 57
85 57
84 57
83 57
82 57
81 57
80 57
79 57
78 57
77 57
76 57
75 56
75 55
75 54
75 53
75 52
75 51
75 50
76 50
77 50
78 50
79 50
80 50
81 50
82 50
83 50
84 50
85 50
86 50
87 50
88 50
89 50
75 57
111 57
