70 62
71 62
70 63
69 63
68 63
67 64
66 64
65 65
66 65
64 66
63 66
62 67
63 67
62 68
61 68
60 69
61 69
60 70
59 71
58 72
59 72
58 73
57 73
57 74
56 75
55 76
56 76
55 77
54 78
54 79
53 80
52 81
53 81
52 82
53 82
52 83
51 83
51 84
50 85
51 85
50 86
50 87
49 88
50 88
49 89
48 90
49 90
48 91
48 92
48 93
48 94
47 95
47 96
47 97
46 98
46 99
46 100
46 101
46 102
46 103
46 104
45 105
45 106
45 107
45 108
45 109
45 110
45 111
45 112
45 113
45 114
45 115
45 116
45 117
45 118
45 119
45 120
46 121
46 122
46 123
46 124
46 125
46 126
47 127
47 128
47 129
47 130
48 131
48 132
48 133
49 134
49 135
49 136
50 136
50 137
50 138
51 138
51 139
51 140
52 140
52 141
52 142
53 142
53 143
53 144
54 144
54 145
55 145
55 146
56 146
56 147
57 148
58 149
59 150
