76 150
77 150
78 150
79 150
80 150
81 150
82 150
83 150
84 150
85 150
86 150
87 150
88 150
89 150
90 150
91 150
92 150
93 150
94 150
95 150
96 150
97 150
98 150
99 150
100 150
101 150
102 150
103 150
104 150
105 150
106 150
107 150
108 150
109 150
108 151
109 151
110 151
111 151
112 151
113 151
114 151
115 151
115 152
116 152
117 152
118 152
119 152
120 152
120 153
121 153
122 153
123 153
124 153
125 153
126 153
127 153
76 151
75 151
74 151
73 151
72 151
71 152
70 152
69 152
68 152
67 152
66 152
65 152
64 152
63 152
62 152
61 152
60 152
59 152
58 152
57 152
72 152
73 152
