91 153
92 153
93 153
94 153
95 153
96 153
97 153
98 154
99 154
100 154
101 154
102 154
103 154
104 154
105 154
106 154
107 154
108 154
109 154
110 154
111 154
112 154
113 154
114 154
115 155
116 155
117 155
118 155
119 156
120 156
121 156
122 156
123 156
124 156
125 156
125 157
126 157
126 158
127 158
128 158
128 159
128 160
127 161
126 161
125 161
124 161
123 161
122 161
121 161
120 161
119 162
118 162
117 162
116 162
115 162
114 162
113 162
112 161
111 161
110 161
109 161
108 161
107 161
106 161
105 161
104 161
103 161
102 161
101 161
100 161
99 161
98 161
97 161
96 161
95 161
94 161
93 161
92 161
91 161
90 161
89 161
88 161
87 161
86 161
85 161
84 161
83 161
82 161
81 161
80 161
79 161
78 161
77 161
76 161
75 161
74 161
73 162
72 162
71 162
70 162
69 162
68 162
67 162
66 161
65 161
64 160
63 160
62 159
62 158
63 157
64 157
65 156
66 156
67 156
68 156
69 156
70 155
71 155
72 155
73 155
74 155
75 154
76 154
77 154
78 154
79 154
80 154
81 154
82 154
83 154
84 154
85 154
86 154
87 154
88 154
89 154
90 154
74 162
