104 62
104 63
105 63
105 64
106 65
106 66
107 66
107 67
108 68
108 69
108 70
109 71
109 72
109 73
109 74
110 75
110 76
110 77
110 78
110 79
110 80
111 81
111 82
111 83
111 84
111 85
111 86
111 87
111 88
111 89
111 90
111 91
111 92
111 93
111 94
111 95
111 96
111 97
111 98
111 99
111 100
111 101
111 102
111 103
111 104
111 105
111 106
111 107
111 108
111 109
111 110
111 111
111 112
111 113
111 114
111 115
111 116
110 117
110 118
110 119
110 120
110 121
110 122
110 123
110 124
110 125
110 126
109 127
109 128
109 129
109 130
109 131
109 132
108 133
108 134
108 135
108 136
107 137
107 138
107 139
107 140
107 141
107 142
107 143
106 144
106 145
105 146
105 147
104 148
