76 164
77 164
78 164
79 164
80 164
81 164
82 164
83 164
84 164
85 164
86 164
87 164
88 164
89 164
90 164
91 164
92 164
93 164
94 164
95 164
96 164
97 164
98 164
99 164
100 164
101 164
102 164
103 164
104 164
105 164
106 164
107 164
108 164
109 164
110 164
111 165
112 165
113 165
114 166
114 167
114 168
114 169
113 170
112 170
112 171
113 171
114 170
111 172
110 173
109 173
108 173
107 173
106 173
105 173
104 173
103 173
102 173
101 173
100 173
99 173
98 173
97 173
96 173
95 173
94 173
93 173
92 173
91 173
90 173
89 173
88 173
87 173
86 173
85 173
84 173
83 173
82 173
81 173
80 173
79 173
78 173
77 173
76 172
75 171
74 170
74 169
74 168
73 167
73 166
74 165
75 165
74 166
74 167
75 170
75 172
76 173
