90 187
91 187
90 188
89 188
88 189
88 190
87 191
87 192
86 193
86 194
86 195
86 196
85 197
85 198
85 199
85 200
84 201
84 202
84 203
84 204
84 205
84 206
84 207
84 208
84 209
84 210
84 211
84 212
84 213
84 214
84 215
84 216
84 217
84 218
84 219
84 220
84 221
84 222
84 223
85 224
85 225
86 225
87 226
88 226
89 226
90 226
91 226
92 226
93 226
94 226
95 226
96 226
97 226
98 226
99 225
100 224
100 223
100 222
100 221
99 220
99 219
99 218
99 217
99 216
99 215
99 214
99 213
99 212
99 211
99 210
99 209
99 208
99 207
99 206
99 205
99 204
99 203
99 202
99 201
99 200
99 199
99 198
99 197
99 196
99 195
99 194
99 193
99 192
99 191
98 190
97 189
96 188
96 189
100 225
99 226
