6 26
7 26
8 26
9 26
10 26
11 26
12 27
13 27
14 27
15 27
16 28
17 28
18 28
19 29
20 29
21 29
22 30
23 30
23 31
24 31
25 31
26 32
27 32
27 33
28 33
29 34
30 34
31 35
32 35
32 36
33 36
34 37
35 37
35 38
36 38
37 39
38 39
39 40
40 40
41 41
42 41
42 42
43 42
43 43
44 43
44 44
43 45
44 45
43 46
42 46
41 47
42 47
41 48
40 49
39 50
40 50
39 51
38 52
37 53
38 53
37 54
36 54
35 54
34 54
33 53
32 53
31 53
30 52
29 52
28 52
27 52
26 51
25 51
24 50
23 50
22 50
21 50
20 49
19 49
18 48
17 48
16 47
15 47
14 46
13 46
12 45
11 44
10 44
9 43
8 42
7 41
6 40
5 39
4 38
3 37
3 36
2 35
2 34
1 33
1 32
1 31
2 30
2 29
3 28
4 27
5 27
4 39
5 40
6 41
7 42
8 43
11 45
