52 44
53 44
54 44
55 44
56 44
57 45
58 45
59 46
60 46
60 47
61 47
61 48
62 48
62 49
63 50
63 51
63 52
63 53
63 54
64 55
64 56
64 57
64 58
64 59
64 60
64 61
63 62
63 63
63 64
63 65
62 66
61 67
62 67
61 68
60 68
59 69
60 69
59 70
58 70
57 71
58 71
56 72
55 72
54 72
53 72
52 72
51 72
50 72
49 72
48 72
47 71
46 70
45 69
44 68
43 67
42 66
41 65
41 64
40 63
40 62
40 61
39 60
39 59
40 58
40 57
40 56
41 55
41 54
42 53
42 52
43 51
43 50
44 49
45 48
46 48
47 47
48 46
49 46
50 45
51 45
48 47
45 49
44 50
42 67
43 68
44 69
45 70
46 71
