74 51
75 51
76 52
77 52
78 52
79 52
80 52
81 52
82 52
83 52
84 52
85 52
86 53
87 53
88 53
89 54
90 54
91 54
92 55
93 55
94 56
95 56
96 57
97 57
98 58
99 58
99 59
100 59
100 60
101 60
101 61
102 61
102 62
103 62
103 63
104 64
104 65
105 66
105 67
105 68
105 69
105 70
105 71
105 72
104 73
103 73
102 74
101 74
100 74
99 74
98 74
97 74
96 74
95 74
94 74
93 74
92 74
91 73
90 73
89 73
88 73
87 73
86 72
85 72
84 71
83 71
82 70
81 70
80 69
79 69
78 68
77 68
76 67
75 67
74 66
73 65
72 65
71 64
70 63
69 62
68 61
68 60
67 59
67 58
67 57
67 56
67 55
67 54
68 53
69 52
70 52
71 52
72 52
73 52
69 63
70 64
73 66
82 71
