53 1
54 1
55 1
56 1
56 2
57 2
57 3
58 3
58 4
58 5
59 6
59 7
59 8
59 9
59 10
60 11
60 12
60 13
60 14
60 15
60 16
60 17
60 18
60 19
60 20
60 21
60 22
60 23
60 24
60 25
60 26
60 27
60 28
60 29
60 30
60 31
60 32
60 33
60 34
60 35
59 36
59 37
59 38
59 39
58 40
57 40
56 40
55 40
54 40
53 40
52 41
51 41
50 41
49 40
48 39
48 38
47 37
47 36
47 35
46 34
46 33
46 32
46 31
46 30
46 29
46 28
45 27
45 26
45 25
45 24
45 23
45 22
45 21
45 20
45 19
45 18
45 17
45 16
45 15
45 14
46 13
46 12
46 11
46 10
47 9
47 8
48 7
48 6
49 5
50 4
50 3
51 2
52 2
51 3
49 6
49 41
59 40
