35 61
34 62
33 62
32 63
31 63
30 64
31 64
29 65
28 65
27 66
28 66
26 67
25 67
24 68
25 68
24 69
23 69
22 70
21 70
20 71
21 71
20 72
19 72
18 73
19 73
17 74
16 74
15 75
16 75
15 76
14 76
13 77
14 77
13 78
12 78
11 79
12 79
11 80
10 80
9 81
10 81
9 82
8 82
8 83
7 84
6 85
7 85
6 86
5 87
5 88
5 89
4 90
4 91
4 92
4 93
5 94
5 95
6 95
7 96
8 96
9 96
10 96
11 97
12 97
13 97
14 97
15 97
16 96
17 96
18 96
19 96
20 96
21 95
22 95
23 94
24 93
25 92
26 92
27 91
28 90
29 89
30 88
31 87
32 86
33 85
34 85
35 84
36 83
37 82
38 81
38 80
39 79
40 78
40 77
40 76
41 75
41 74
41 73
41 72
41 71
40 70
39 69
39 68
38 67
38 66
38 65
37 64
37 63
36 62
37 62
40 69
39 80
33 86
32 87
31 88
30 89
29 90
28 91
25 93
24 94
