66 67
67 67
68 67
69 67
69 68
70 68
70 69
71 69
71 70
72 70
72 71
73 71
73 72
74 72
74 73
75 73
75 74
76 75
76 76
77 76
77 77
78 77
78 78
79 79
79 80
80 80
80 81
81 82
81 83
82 84
82 85
83 86
83 87
84 88
84 89
84 90
85 91
85 92
86 93
86 94
86 95
86 96
86 97
86 98
87 99
87 100
87 101
87 102
87 103
86 104
86 105
86 106
85 107
86 107
85 108
84 108
83 108
82 108
81 108
80 108
79 108
78 107
77 106
76 106
75 105
74 104
73 103
72 102
71 101
70 100
69 99
69 98
68 97
67 96
67 95
66 94
66 93
65 92
64 91
64 90
63 89
63 88
62 87
62 86
61 85
61 84
60 83
60 82
60 81
59 80
59 79
58 78
58 77
59 76
59 75
60 74
61 73
62 72
63 71
64 70
65 69
66 68
65 70
64 71
63 72
62 73
61 74
60 75
65 91
68 96
70 99
71 102
72 103
73 104
74 105
77 107
78 108
