45 76
46 76
47 76
48 77
49 77
50 77
51 77
52 77
53 77
54 78
54 79
55 80
55 81
56 82
56 83
56 84
56 85
56 86
56 87
56 88
56 89
56 90
56 91
56 92
56 93
56 94
56 95
56 96
56 97
55 98
55 99
55 100
55 101
54 102
54 103
54 104
54 105
53 106
53 107
52 108
52 109
51 110
52 110
51 111
50 111
49 112
50 112
49 113
48 113
47 114
48 114
47 115
46 115
45 115
44 115
43 115
42 115
41 115
40 114
39 113
39 112
38 111
38 110
38 109
38 108
37 107
37 106
37 105
37 104
37 103
37 102
37 101
38 100
38 99
38 98
38 97
38 96
39 95
39 94
39 93
39 92
39 91
40 90
40 89
40 88
40 87
41 86
41 85
42 84
42 83
42 82
42 81
43 80
43 79
44 78
44 77
40 115
