91 16
92 16
93 16
94 17
95 17
96 17
97 18
98 18
98 19
98 20
98 21
98 22
98 23
98 24
97 25
97 26
96 27
95 28
96 28
95 29
94 29
94 30
93 31
92 32
93 32
92 33
91 33
90 34
91 34
90 35
89 35
88 36
89 36
88 37
87 37
86 38
87 38
85 39
84 39
83 40
84 40
83 41
82 41
81 42
80 42
79 43
80 43
78 44
77 44
76 45
77 45
75 46
74 46
73 47
72 47
71 48
70 48
69 48
68 48
67 48
66 48
65 47
64 46
63 45
63 44
63 43
63 42
64 41
64 40
65 39
65 38
66 37
66 36
67 35
68 34
69 33
69 32
70 31
71 30
72 29
73 28
74 27
75 26
76 25
77 24
78 23
79 22
80 21
81 21
82 20
83 20
84 19
85 18
86 18
87 17
88 17
89 17
90 17
85 19
80 22
79 23
78 24
77 25
76 26
75 27
74 28
73 29
72 30
71 31
70 32
68 35
67 36
64 47
65 48
