51 20
50 20
49 21
48 21
47 22
46 22
45 22
44 23
43 23
42 24
41 24
40 25
39 25
38 26
39 26
37 27
36 27
35 28
34 28
33 29
34 29
33 30
32 30
31 31
32 31
30 32
29 32
29 33
28 34
27 35
28 35
27 36
26 36
25 37
26 37
25 38
24 38
24 39
23 40
23 41
22 42
21 43
22 43
21 44
20 44
20 45
19 46
19 47
19 48
18 49
18 50
17 51
17 52
17 53
16 54
16 55
15 56
15 57
15 58
15 59
15 60
15 61
15 62
14 63
14 64
14 65
14 66
14 67
14 68
15 69
15 70
15 71
15 72
15 73
15 74
15 75
16 76
16 77
17 78
17 79
17 80
17 81
18 82
18 83
19 84
19 85
19 86
20 87
20 88
21 88
21 89
22 90
22 91
23 92
23 93
24 93
24 94
25 95
25 96
26 96
26 97
27 97
27 98
28 98
28 99
29 99
29 100
30 100
30 101
31 101
31 102
32 102
32 103
33 103
33 104
34 104
35 105
36 105
36 106
37 106
38 107
39 107
40 108
41 108
42 109
43 109
44 109
45 110
46 110
46 111
47 111
48 111
49 111
50 111
51 112
52 112
53 113
54 113
55 113
56 113
57 113
58 113
59 113
60 113
61 113
62 113
63 113
64 113
65 113
66 113
67 113
68 113
69 113
70 113
71 113
72 113
73 112
74 112
75 112
76 111
77 111
78 111
79 111
80 110
81 110
82 109
83 109
84 109
85 108
86 107
87 107
88 106
89 106
90 105
91 104
92 103
93 102
94 101
95 100
96 99
97 98
98 97
99 96
100 95
101 94
101 93
102 92
103 91
103 90
104 89
104 88
105 87
105 86
106 85
106 84
106 83
106 82
107 81
107 80
107 79
108 78
108 77
108 76
108 75
108 74
108 73
109 72
109 71
109 70
109 69
109 68
109 67
109 66
109 65
109 64
109 63
109 62
109 61
109 60
108 59
108 58
108 57
108 56
108 55
108 54
108 53
107 52
107 51
106 50
106 49
106 48
105 47
105 46
104 45
104 44
103 43
103 42
102 41
101 40
100 39
100 38
99 37
98 36
97 35
96 34
95 33
94 32
93 31
92 30
91 29
90 28
89 28
88 27
87 27
86 26
85 25
84 25
83 24
82 24
81 23
80 23
79 22
78 22
77 22
76 22
75 21
74 21
73 21
72 20
71 20
70 20
69 20
68 20
67 20
66 19
65 19
64 19
63 19
62 19
61 19
60 19
59 19
58 19
57 19
56 20
55 20
54 20
53 20
52 20
81 24
85 26
90 29
93 30
94 31
95 32
96 33
97 34
98 35
99 36
101 39
102 40
106 47
102 93
100 96
99 97
98 98
97 99
96 100
95 101
94 102
93 103
92 104
91 105
86 108
43 24
50 21
