58 37
59 37
60 37
60 38
60 39
60 40
60 41
60 42
60 43
60 44
61 45
61 46
61 47
61 48
61 49
61 50
62 51
62 52
62 53
62 54
62 55
63 56
63 57
64 57
65 58
66 58
67 59
68 59
68 60
69 60
69 61
70 62
70 63
71 64
71 65
71 66
71 67
71 68
71 69
71 70
71 71
70 72
71 72
70 73
69 74
68 75
69 75
68 76
67 76
66 77
67 77
65 78
64 78
63 78
62 79
61 79
60 79
59 79
58 79
57 78
56 78
55 77
54 77
53 76
52 76
51 76
50 76
49 77
48 77
47 78
48 78
46 79
45 79
44 80
43 80
42 80
41 80
40 79
41 78
42 77
43 76
44 76
45 75
46 75
47 74
48 74
49 73
49 72
49 71
49 70
49 69
49 68
49 67
49 66
49 65
49 64
50 63
50 62
51 61
52 60
53 59
54 58
55 58
56 57
57 56
58 55
58 54
58 53
58 52
58 51
58 50
58 49
58 48
57 47
57 46
57 45
57 44
57 43
57 42
57 41
57 40
57 39
57 38
58 56
57 57
54 59
51 62
47 75
43 77
55 78
