82 1
83 1
84 1
85 1
86 1
87 2
88 2
88 3
88 4
88 5
88 6
88 7
88 8
88 9
88 10
88 11
88 12
88 13
88 14
88 15
89 16
89 17
90 17
91 16
92 15
93 14
94 13
95 12
96 11
97 10
98 9
99 8
100 7
101 6
102 5
103 5
104 5
104 6
105 7
105 8
105 9
104 10
104 11
104 12
104 13
104 14
104 15
104 16
104 17
104 18
103 19
102 20
101 21
102 21
101 22
100 22
99 23
100 23
99 24
98 24
97 25
98 25
97 26
96 26
95 27
96 27
95 28
94 28
93 29
94 29
93 30
92 30
92 31
91 32
91 33
90 34
90 35
90 36
90 37
90 38
90 39
90 40
91 41
92 41
93 40
94 39
95 38
96 37
97 36
97 35
98 35
99 34
100 34
101 34
101 35
101 36
101 37
101 38
101 39
101 40
101 41
101 42
101 43
101 44
101 45
101 46
101 47
100 48
101 48
100 49
99 50
98 51
99 51
98 52
97 52
96 53
97 53
96 54
95 54
94 55
95 55
94 56
93 56
92 57
93 57
92 58
91 59
91 60
90 61
91 62
92 62
93 62
94 61
95 61
96 60
97 59
98 59
99 58
100 58
101 57
102 57
103 57
103 58
103 59
103 60
103 61
103 62
103 63
103 64
103 65
103 66
103 67
104 68
105 68
106 67
107 66
107 65
107 64
107 63
108 62
108 61
108 60
109 59
109 58
109 57
109 56
110 55
110 54
111 53
112 52
113 52
114 51
115 51
116 50
117 50
118 49
119 48
120 48
121 47
122 47
123 47
124 48
124 49
124 50
123 51
123 52
122 53
122 54
122 55
122 56
121 57
122 58
123 58
124 58
125 57
126 57
127 56
128 55
129 54
130 53
130 52
130 51
131 50
131 49
131 48
132 47
132 46
132 45
133 44
133 43
133 42
133 41
134 40
134 39
134 38
135 37
135 36
136 35
136 34
137 34
138 33
139 32
140 32
141 31
142 31
143 30
144 29
145 29
146 29
147 29
147 30
147 31
147 32
147 33
146 34
146 35
146 36
146 37
145 38
145 39
145 40
145 41
144 42
144 43
144 44
143 45
143 46
144 47
145 47
146 47
147 46
148 45
149 45
150 44
151 44
152 43
153 43
154 42
155 42
156 41
157 42
158 42
158 43
159 43
159 44
160 45
160 46
160 47
160 48
160 49
160 50
159 51
158 51
157 52
156 52
155 53
156 53
154 54
153 54
152 55
151 55
150 56
150 57
150 58
151 58
152 58
153 58
154 59
155 59
156 60
157 60
158 60
159 60
160 61
161 61
162 61
163 61
164 62
165 62
166 63
167 63
167 64
166 65
167 65
166 66
165 66
164 67
163 67
162 68
161 68
160 69
159 69
158 70
157 70
156 70
155 70
154 70
153 69
152 69
151 69
150 69
149 69
148 68
147 68
146 68
145 67
144 67
143 67
142 67
141 66
140 66
139 66
138 66
137 65
136 65
135 66
134 66
133 67
132 67
131 68
132 68
130 69
129 69
128 69
127 70
128 71
129 71
130 71
131 71
132 72
133 72
134 72
135 72
136 72
137 72
138 73
139 73
139 74
139 75
139 76
138 77
137 77
136 78
135 78
134 79
133 79
132 80
133 80
131 81
130 81
129 82
128 82
127 82
126 82
125 82
124 81
123 81
122 81
121 81
120 80
119 80
118 80
117 80
116 80
115 79
114 79
113 79
112 79
111 80
110 80
110 81
111 82
112 82
113 83
114 83
115 84
116 85
117 85
118 86
119 86
120 87
120 88
120 89
119 90
120 90
118 91
117 91
116 92
115 92
114 93
113 93
112 94
111 94
111 95
111 96
112 96
113 96
114 96
115 96
116 96
117 95
118 95
119 95
120 95
121 95
122 95
123 94
124 94
125 93
126 93
127 93
128 94
129 94
130 95
131 95
132 96
133 96
133 97
134 97
135 98
136 98
137 99
138 99
139 100
139 101
138 102
139 102
137 103
136 103
135 103
134 103
133 104
132 104
131 104
130 104
129 104
128 104
128 105
128 106
129 106
129 107
130 107
131 108
132 108
133 109
134 109
135 110
136 110
137 110
138 110
139 109
140 109
141 109
142 109
143 109
144 108
145 108
146 108
147 107
148 107
149 107
150 107
151 107
152 107
153 106
154 106
155 106
156 106
157 106
158 106
159 107
160 107
161 108
162 108
162 109
163 109
164 110
165 110
165 111
166 111
167 112
167 113
166 114
165 114
164 114
163 115
162 115
161 115
160 115
159 115
158 116
157 116
156 116
155 117
154 117
153 117
152 117
151 118
150 118
150 119
150 120
151 120
151 121
152 121
153 122
154 122
155 123
156 123
157 124
158 124
158 125
159 125
160 126
160 127
160 128
160 129
160 130
159 131
159 132
158 133
157 134
156 134
155 134
154 134
153 133
152 132
151 132
150 131
149 131
148 130
147 130
146 129
145 129
144 129
143 130
144 131
144 132
144 133
144 134
145 135
145 136
145 137
145 138
146 139
146 140
146 141
146 142
147 143
147 144
147 145
146 146
145 146
144 146
143 146
142 145
141 145
140 144
139 144
138 143
137 142
136 141
135 140
135 139
134 138
134 137
134 136
133 135
133 134
133 133
132 132
132 131
132 130
132 129
131 128
131 127
131 126
130 125
130 124
130 123
129 122
128 121
127 120
126 119
125 119
124 118
123 118
122 118
121 119
122 120
122 121
122 122
122 123
123 124
123 125
123 126
123 127
123 128
122 129
121 129
120 128
119 128
118 127
117 127
116 126
115 125
114 125
113 124
112 123
111 122
110 121
109 120
109 119
109 118
109 117
108 116
108 115
108 114
107 113
107 112
107 111
107 110
106 109
105 108
104 107
103 107
103 108
103 109
103 110
103 111
103 112
103 113
103 114
103 115
103 116
103 117
103 118
102 119
101 119
100 118
99 118
98 117
97 117
96 117
95 116
94 115
93 115
92 114
91 114
90 115
91 116
91 117
92 118
92 119
93 119
93 120
94 120
94 121
95 121
95 122
96 122
96 123
97 123
97 124
98 124
98 125
99 125
99 126
100 127
100 128
101 128
101 129
101 130
101 131
101 132
101 133
101 134
101 135
101 136
101 137
101 138
101 139
101 140
101 141
100 142
99 142
98 141
97 140
96 139
95 138
94 137
93 136
92 135
91 135
90 136
90 137
90 138
90 139
90 140
90 141
90 142
90 143
91 144
91 145
92 145
92 146
93 146
93 147
94 147
94 148
95 148
95 149
96 149
96 150
97 150
97 151
98 151
98 152
99 152
99 153
100 154
100 155
101 155
101 156
102 156
102 157
103 157
103 158
104 158
104 159
104 160
105 161
105 162
105 163
105 164
105 165
105 166
105 167
105 168
104 169
104 170
103 171
102 170
101 169
100 168
99 167
98 166
97 165
96 164
95 163
94 162
93 162
92 161
91 160
90 160
89 160
88 161
88 162
88 163
88 164
88 165
88 166
88 167
88 168
88 169
88 170
88 171
88 172
87 173
86 173
85 173
84 173
83 173
82 173
81 173
80 173
79 172
79 171
79 170
79 169
79 168
79 167
79 166
79 165
79 164
79 163
79 162
79 161
78 160
77 160
76 161
77 161
76 162
75 162
74 163
75 163
74 164
73 164
72 165
71 166
70 167
69 167
68 168
69 168
68 169
67 169
66 170
67 170
66 171
65 171
64 171
63 170
63 169
63 168
63 167
63 166
63 165
63 164
63 163
63 162
63 161
63 160
64 159
64 158
65 157
66 156
67 155
68 154
69 153
70 152
71 151
72 150
73 149
73 148
74 147
75 146
76 145
77 144
77 143
77 142
77 141
77 140
77 139
77 138
77 137
76 136
76 135
77 135
77 136
75 136
74 137
75 137
74 138
73 138
72 139
73 139
72 140
71 140
70 141
71 141
70 142
69 142
68 142
67 141
67 140
67 139
67 138
67 137
67 136
67 135
67 134
67 133
67 132
67 131
67 130
67 129
68 128
68 127
69 126
70 125
71 124
71 123
72 122
73 121
74 120
75 119
76 118
77 117
77 116
77 115
76 114
77 114
75 115
74 115
73 116
72 116
71 117
72 117
70 118
69 118
68 119
67 119
66 119
65 118
65 117
65 116
65 115
65 114
65 113
65 112
65 111
65 110
65 109
65 108
64 107
63 108
62 108
62 109
61 110
61 111
61 112
60 113
60 114
60 115
60 116
59 117
59 118
59 119
58 120
58 121
58 122
57 123
56 124
55 124
54 125
53 125
52 126
51 126
50 127
51 127
49 128
48 128
47 129
46 129
45 129
44 128
44 127
44 126
45 125
45 124
45 123
46 122
46 121
46 120
47 119
47 118
46 117
47 117
45 118
44 118
43 119
42 119
41 120
42 120
40 121
39 121
39 122
38 123
38 124
37 125
37 126
37 127
37 128
36 129
36 130
36 131
35 132
35 133
35 134
34 135
34 136
34 137
34 138
33 139
33 140
32 141
31 142
32 142
30 143
29 143
28 144
27 144
26 145
27 145
25 146
24 146
23 146
22 146
21 145
21 144
21 143
21 142
21 141
22 140
22 139
23 138
23 137
23 136
23 135
23 134
24 133
24 132
24 131
25 130
25 129
24 128
25 128
23 129
22 129
21 130
20 130
19 131
20 131
18 132
17 132
16 133
15 133
14 134
13 134
12 134
11 134
10 133
9 132
9 131
8 130
8 129
7 128
7 127
8 126
9 125
10 124
11 124
12 123
13 123
14 122
15 122
16 121
17 121
18 120
19 119
18 118
17 118
16 117
15 117
14 117
13 116
12 116
11 116
10 115
9 115
8 115
7 115
6 114
5 114
4 114
3 113
2 113
1 112
1 111
2 110
3 110
4 109
5 109
6 108
7 108
8 107
9 107
10 106
11 106
12 106
13 106
14 106
15 106
16 106
17 107
18 107
19 107
20 107
21 107
22 108
23 108
24 108
25 109
26 109
27 109
28 109
29 109
30 110
31 110
32 110
33 110
34 109
35 109
36 108
37 108
38 107
39 106
40 105
39 104
38 104
37 104
36 104
35 103
34 103
33 103
32 103
31 103
30 102
29 101
29 100
30 99
31 99
32 98
33 98
34 97
35 96
36 96
37 95
38 95
39 94
40 94
41 93
42 93
43 93
44 94
45 94
46 94
47 95
48 95
49 95
50 95
51 95
52 96
53 96
54 96
55 96
56 96
57 95
56 94
55 93
54 93
53 92
52 92
51 91
50 91
49 90
48 89
47 88
48 87
49 86
50 86
51 85
52 85
53 84
54 84
55 83
56 82
57 81
57 80
56 79
55 79
54 79
53 80
52 80
51 80
50 80
49 80
48 81
47 81
46 81
45 81
44 81
43 82
42 82
41 82
40 82
39 81
38 81
37 80
36 80
35 79
34 79
33 78
32 77
31 77
30 76
29 75
29 74
29 73
30 73
31 72
32 72
33 72
34 72
35 72
36 72
37 71
38 71
39 70
38 69
37 68
36 68
35 67
34 67
33 66
32 66
31 66
30 66
29 66
28 67
27 67
26 67
25 67
24 67
23 68
22 68
21 68
20 69
19 69
18 69
17 69
16 69
15 70
14 70
13 70
12 70
11 70
10 70
9 69
8 69
7 68
6 67
5 67
4 66
3 66
2 65
1 64
2 63
3 62
4 62
5 61
6 61
7 61
8 61
9 60
10 60
11 60
12 60
13 59
14 59
15 58
16 58
17 58
18 57
18 56
17 55
16 54
15 54
14 53
13 53
12 52
11 52
10 51
9 50
8 49
7 48
8 47
8 46
9 45
9 44
10 43
10 42
11 42
12 41
13 42
14 42
15 42
16 43
17 43
17 44
18 44
19 45
20 45
20 46
21 46
22 47
23 47
24 47
25 46
24 45
24 44
24 43
24 42
23 41
23 40
23 39
23 38
22 37
22 36
21 35
21 34
21 33
21 32
21 31
21 30
21 29
22 29
23 29
24 29
24 30
25 30
26 31
27 31
28 32
29 32
29 33
30 33
31 34
32 34
32 35
33 36
33 37
34 38
34 39
34 40
34 41
35 42
35 43
35 44
36 45
36 46
36 47
37 48
37 49
37 50
37 51
38 52
38 53
39 54
39 55
40 55
40 56
41 56
42 57
43 57
44 58
45 58
46 59
47 58
47 57
46 56
46 55
46 54
45 53
45 52
45 51
44 50
44 49
44 48
45 47
46 47
47 47
48 48
49 48
49 49
50 49
51 50
52 50
53 51
54 51
55 52
56 52
56 53
57 53
57 54
58 54
58 55
58 56
58 57
59 58
59 59
60 60
60 61
60 62
60 63
61 64
61 65
61 66
62 67
62 68
63 68
63 69
64 69
65 68
65 67
65 66
65 65
65 64
65 63
65 62
65 61
65 60
65 59
65 58
66 57
67 56
68 57
69 57
69 58
70 58
71 59
72 59
72 60
73 60
74 61
75 61
76 61
77 60
77 59
76 58
75 57
74 56
73 55
72 54
71 53
71 52
70 51
69 50
68 49
68 48
67 47
67 46
67 45
67 44
67 43
67 42
67 41
67 40
67 39
67 38
67 37
67 36
67 35
68 34
69 34
70 34
70 35
71 35
71 36
72 36
72 37
73 37
73 38
74 38
74 39
75 39
75 40
76 40
77 39
77 38
77 37
77 36
77 35
77 34
77 33
77 32
76 31
75 30
74 29
73 28
72 27
71 26
70 25
69 24
68 23
68 22
67 21
66 20
65 19
64 18
64 17
63 16
63 15
63 14
63 13
63 12
63 11
63 10
63 9
63 8
63 7
63 6
64 5
65 5
66 5
66 6
67 6
67 7
68 7
68 8
69 8
69 9
70 9
70 10
71 10
71 11
72 11
72 12
73 12
74 13
75 14
76 15
77 16
78 16
79 15
79 14
79 13
79 12
79 11
79 10
79 9
79 8
79 7
79 6
79 5
79 4
80 3
80 2
81 2
79 16
65 18
69 23
70 24
71 25
72 26
73 27
74 28
75 29
76 30
77 31
76 41
69 49
70 50
72 53
73 54
74 55
75 56
76 57
77 58
77 61
65 69
25 47
8 50
9 51
16 55
18 58
6 68
39 69
39 71
29 76
32 78
57 82
56 83
48 90
51 92
55 94
57 94
57 96
39 95
35 97
30 100
29 102
40 104
40 106
39 107
36 109
6 109
2 111
1 113
19 118
19 120
10 125
10 132
21 146
77 118
76 119
75 120
74 121
73 122
72 123
70 126
69 127
77 145
76 146
75 147
74 148
70 153
69 154
68 155
67 156
66 157
65 158
79 160
88 173
91 161
94 163
95 164
96 165
97 166
98 167
99 168
100 169
101 170
102 171
104 171
93 135
94 138
95 139
96 140
97 141
98 142
101 142
103 119
105 107
106 108
110 122
111 123
112 124
115 126
123 129
126 120
129 121
136 142
137 143
147 146
152 133
158 134
113 94
148 46
144 30
139 33
130 54
129 55
128 56
125 58
119 49
112 53
111 54
106 68
96 38
95 39
94 40
93 41
102 6
101 7
100 8
99 9
98 10
97 11
96 12
95 13
94 14
93 15
92 16
91 17
