82 74
83 74
84 74
85 74
86 75
87 75
87 76
88 76
89 76
90 77
91 77
91 78
92 78
93 79
94 79
95 80
96 80
96 81
97 81
97 82
97 83
97 84
97 85
97 86
97 87
97 88
97 89
97 90
97 91
97 92
97 93
97 94
97 95
97 96
96 97
95 98
94 98
93 99
94 99
92 100
91 100
90 101
89 101
88 102
87 102
86 103
85 103
84 103
83 103
82 103
81 103
80 102
79 102
78 101
77 100
76 100
75 99
74 98
73 98
72 97
71 96
70 95
70 94
70 93
70 92
70 91
70 90
70 89
70 88
70 87
70 86
70 85
70 84
70 83
71 82
71 81
72 80
73 80
74 79
75 78
76 78
77 77
78 77
79 76
80 75
81 75
80 76
75 79
72 81
71 97
74 99
77 101
