61 88
62 88
63 88
64 89
65 89
66 89
67 89
68 89
69 89
70 90
70 91
71 92
71 93
72 94
72 95
72 96
72 97
72 98
72 99
72 100
72 101
72 102
72 103
72 104
72 105
72 106
72 107
72 108
72 109
71 110
71 111
71 112
71 113
70 114
70 115
70 116
70 117
69 118
69 119
68 120
68 121
67 122
68 122
67 123
66 123
65 124
66 124
65 125
64 125
63 126
64 126
63 127
62 127
61 127
60 127
59 127
58 127
57 127
56 126
55 125
55 124
54 123
54 122
54 121
54 120
53 119
53 118
53 117
53 116
53 115
53 114
53 113
54 112
54 111
54 110
54 109
54 108
55 107
55 106
55 105
55 104
55 103
56 102
56 101
56 100
56 99
57 98
57 97
58 96
58 95
58 94
58 93
59 92
59 91
60 90
60 89
56 127
