49 27
50 26
50 25
51 24
51 23
52 22
52 21
53 20
54 20
55 19
56 18
57 18
58 17
59 17
60 16
61 16
62 15
63 15
64 15
65 14
66 14
67 13
68 13
69 13
70 13
71 12
72 12
73 12
74 12
75 12
76 13
77 13
78 13
79 14
80 14
80 15
81 15
81 16
82 16
82 17
83 18
83 19
83 20
83 21
83 22
83 23
83 24
83 25
83 26
83 27
83 28
83 29
83 30
83 31
83 32
83 33
84 34
84 35
84 36
84 37
84 38
84 39
84 40
84 41
84 42
84 43
84 44
84 45
84 46
84 47
84 48
84 49
84 50
84 51
84 52
84 53
84 54
84 55
84 56
84 57
84 58
84 59
84 60
84 61
84 62
84 63
84 64
84 65
84 66
84 67
84 68
84 69
84 70
84 71
83 72
82 72
81 72
80 71
79 70
78 69
77 68
76 67
75 66
74 65
73 64
73 63
72 62
71 61
70 60
69 59
68 58
67 57
67 56
66 55
65 54
64 53
63 52
62 51
61 50
61 49
60 48
59 47
58 46
58 45
57 44
56 43
55 42
55 41
54 40
53 39
53 38
52 37
52 36
51 35
51 34
50 33
50 32
49 31
49 30
49 29
49 28
54 39
56 42
57 43
59 46
60 47
62 50
63 51
64 52
65 53
68 57
69 58
70 59
71 60
72 61
74 64
75 65
76 66
77 67
78 68
79 69
80 72
56 19
53 21
