65 150
66 149
66 148
66 147
67 146
67 145
68 144
68 143
69 142
69 141
69 140
70 139
70 138
71 137
71 136
72 135
72 134
72 133
73 132
73 131
73 130
74 129
74 128
75 127
75 126
76 125
76 124
77 123
77 122
78 121
78 120
79 119
79 118
79 117
80 116
80 115
81 114
81 113
81 112
82 111
82 110
83 109
83 108
84 107
84 106
85 105
85 104
86 103
86 102
87 101
88 101
89 101
89 102
90 103
90 104
90 105
91 106
91 107
91 108
92 109
92 110
93 111
93 112
93 113
93 114
93 115
94 116
94 117
94 118
94 119
95 120
95 121
95 122
96 123
96 124
96 125
97 126
97 127
97 128
98 129
98 130
98 131
99 132
99 133
99 134
99 135
100 136
100 137
100 138
100 139
100 140
100 141
100 142
100 143
100 144
101 145
101 146
101 147
101 148
101 149
101 150
101 151
101 152
101 153
101 154
100 155
99 156
100 156
99 157
98 157
97 158
98 158
97 159
96 159
95 159
94 160
93 160
92 160
91 161
90 161
89 161
88 161
87 161
86 161
85 161
84 161
83 161
82 161
81 161
80 161
79 161
78 161
77 161
76 160
75 160
74 160
73 160
72 159
71 159
70 158
69 158
68 157
67 156
66 155
66 154
65 153
65 152
65 151
67 155
70 159
87 102
83 110
