101 77
102 76
102 75
103 74
104 73
105 72
106 72
107 71
108 70
108 69
109 68
110 67
111 66
112 65
113 64
114 63
115 62
116 61
117 60
118 59
119 58
120 58
121 57
122 56
123 55
124 54
125 53
126 52
127 51
128 50
129 49
130 48
131 48
132 47
133 46
134 45
135 44
136 44
137 43
138 42
139 42
140 41
141 41
142 41
143 41
144 41
145 41
146 41
147 41
148 42
149 42
149 43
150 43
151 44
152 44
152 45
153 45
153 46
154 46
154 47
155 47
155 48
156 48
156 49
157 50
157 51
158 52
158 53
159 54
159 55
160 56
160 57
160 58
161 59
161 60
162 61
162 62
162 63
162 64
162 65
162 66
161 67
161 68
161 69
160 70
159 71
160 71
159 72
158 72
157 73
156 73
155 73
154 73
153 73
152 74
151 74
150 74
149 74
148 74
147 74
146 74
145 75
144 75
143 75
142 75
141 75
140 75
139 75
138 75
137 75
136 76
135 76
134 76
133 76
132 76
131 76
130 76
129 76
128 76
127 76
126 76
125 76
124 77
123 77
122 77
121 77
120 77
119 77
118 77
117 77
116 77
115 77
114 78
113 78
112 78
111 78
110 78
109 78
108 78
107 78
106 78
105 78
104 78
103 78
102 78
138 43
135 45
134 46
133 47
130 49
129 50
128 51
127 52
126 53
125 54
122 57
119 59
118 60
117 61
116 62
115 63
114 64
113 65
112 66
111 67
110 68
109 69
105 73
104 74
103 75
