82 18
81 18
80 18
79 18
78 18
77 18
76 19
75 19
74 19
73 19
72 19
71 19
70 19
69 19
68 20
67 20
66 21
65 21
64 21
63 21
62 22
61 22
60 22
59 22
59 23
58 24
57 24
56 24
55 25
54 25
53 26
54 26
52 27
51 27
50 28
51 28
49 29
48 29
47 30
48 30
46 31
45 31
44 32
45 32
44 33
43 33
42 34
43 34
42 35
41 35
40 36
41 36
40 37
39 37
38 38
39 38
38 39
37 39
36 40
37 40
36 41
35 42
34 43
33 43
33 44
34 44
35 43
32 45
31 45
31 46
30 47
31 47
31 48
30 49
31 49
30 50
30 51
29 52
29 53
28 54
28 55
27 56
27 57
26 58
26 59
26 60
25 61
25 62
24 63
24 64
24 65
24 66
24 67
24 68
23 69
23 70
23 71
22 72
22 73
22 74
22 75
22 76
22 77
22 78
22 79
23 80
23 81
23 82
23 83
23 84
24 84
23 85
24 85
24 86
24 87
24 88
24 89
24 90
25 91
25 92
25 93
26 94
26 95
26 96
27 97
27 98
28 99
28 100
28 101
29 102
29 103
30 104
30 105
31 105
31 106
32 107
32 108
32 109
32 110
33 110
34 111
34 112
35 112
35 113
36 113
36 114
37 115
38 116
39 117
39 118
40 118
40 119
41 119
41 120
42 120
42 121
43 121
43 122
44 122
45 123
46 124
46 125
47 125
47 126
48 126
49 126
49 127
50 127
51 128
52 128
52 129
53 129
53 130
53 131
54 131
55 130
55 131
56 131
56 132
57 132
58 132
59 132
60 132
61 132
62 133
63 133
64 133
65 134
66 134
67 134
68 134
69 135
70 135
71 135
72 136
73 136
74 136
75 136
76 136
77 136
78 136
79 136
80 136
81 136
82 136
83 136
84 136
85 136
86 136
87 136
88 136
89 136
90 136
91 136
92 136
93 136
94 136
95 136
96 135
97 135
98 135
99 134
100 134
101 134
102 134
103 134
104 133
105 133
106 133
107 133
108 133
109 133
110 132
110 131
111 130
112 130
113 129
114 129
115 129
116 128
117 127
118 126
119 125
120 124
121 124
122 123
123 122
124 121
125 120
126 119
127 118
128 117
128 116
129 115
130 114
131 113
132 112
133 111
133 110
134 109
134 108
135 107
135 106
136 105
136 104
137 103
137 102
138 101
138 100
138 99
139 98
139 97
139 96
139 95
140 94
140 93
141 92
141 91
141 90
141 89
141 88
141 87
141 86
141 85
142 84
142 83
142 82
142 81
142 80
142 79
142 78
142 77
142 76
142 75
142 74
142 73
142 72
142 71
142 70
141 69
141 68
141 67
141 66
141 65
141 64
141 63
141 62
140 61
140 60
139 59
139 58
139 57
139 56
138 55
138 54
137 53
137 52
136 51
136 50
135 49
135 48
135 47
134 46
133 45
132 44
131 43
130 42
130 41
129 40
128 39
127 38
126 37
125 36
124 35
123 34
122 33
121 32
120 31
119 30
118 29
117 29
116 28
115 27
114 27
113 26
112 26
111 25
110 25
109 24
108 23
107 23
106 23
105 23
104 22
103 22
102 22
101 21
100 21
99 21
98 21
97 20
96 20
95 20
94 19
93 19
92 19
91 19
90 19
89 19
88 19
87 19
86 18
85 18
84 18
83 18
103 23
104 23
108 24
111 26
115 28
118 30
119 31
122 32
123 33
124 34
125 35
126 36
127 37
128 38
129 39
131 42
132 43
133 44
134 45
134 110
132 113
131 114
130 115
129 116
123 123
120 125
119 126
118 127
117 128
116 129
111 131
110 133
59 24
