105 20
106 19
107 18
108 18
109 17
110 16
111 15
112 15
113 14
114 14
115 14
116 13
117 13
118 12
119 12
120 12
121 12
122 12
123 12
124 12
125 12
126 12
127 12
127 13
128 13
129 13
129 14
130 14
130 15
131 15
132 16
133 16
134 16
134 17
135 17
136 17
136 18
137 18
137 19
138 19
138 20
139 21
139 22
140 22
140 23
141 24
141 25
141 26
141 27
142 28
142 29
142 30
142 31
142 32
142 33
142 34
141 35
141 36
141 37
141 38
141 39
140 40
141 40
140 41
139 42
139 43
138 44
137 45
138 45
137 46
111 16
110 17
107 19
106 20
