72 31
71 31
70 32
69 32
68 33
67 33
66 33
65 34
64 34
63 35
62 35
61 36
60 36
59 37
60 37
58 38
57 38
56 39
55 39
54 40
55 40
54 41
53 41
52 42
53 42
51 43
50 43
50 44
49 45
48 46
49 46
48 47
47 47
46 48
47 48
46 49
45 49
45 50
44 51
44 52
43 53
42 54
43 54
42 55
41 55
41 56
40 57
40 58
40 59
39 60
39 61
38 62
38 63
38 64
37 65
37 66
36 67
36 68
36 69
36 70
36 71
36 72
36 73
35 74
35 75
35 76
35 77
35 78
35 79
36 80
36 81
36 82
36 83
36 84
36 85
36 86
37 87
37 88
38 89
38 90
38 91
38 92
39 93
39 94
40 95
40 96
40 97
41 98
41 99
42 99
42 100
43 101
43 102
44 103
44 104
45 104
45 105
46 106
46 107
47 107
47 108
48 108
48 109
49 109
49 110
50 110
50 111
51 111
51 112
52 112
52 113
53 113
53 114
54 114
54 115
55 115
56 116
57 116
57 117
58 117
59 118
60 118
61 119
62 119
63 120
64 120
65 120
66 121
67 121
67 122
68 122
69 122
70 122
71 122
72 123
73 123
74 124
75 124
76 124
77 124
78 124
79 124
80 124
81 124
82 124
83 124
84 124
85 124
86 124
87 124
88 124
89 124
90 124
91 124
92 124
93 124
94 123
95 123
96 123
97 122
98 122
99 122
100 122
101 121
102 121
103 120
104 120
105 120
106 119
107 118
108 118
109 117
110 117
111 116
112 115
113 114
114 113
115 112
116 111
117 110
118 109
119 108
120 107
121 106
122 105
122 104
123 103
124 102
124 101
125 100
125 99
126 98
126 97
127 96
127 95
127 94
127 93
128 92
128 91
128 90
129 89
129 88
129 87
129 86
129 85
129 84
130 83
130 82
130 81
130 80
130 79
130 78
130 77
130 76
130 75
130 74
130 73
130 72
130 71
129 70
129 69
129 68
129 67
129 66
129 65
129 64
128 63
128 62
127 61
127 60
127 59
126 58
126 57
125 56
125 55
124 54
124 53
123 52
122 51
121 50
121 49
120 48
119 47
118 46
117 45
116 44
115 43
114 42
113 41
112 40
111 39
110 39
109 38
108 38
107 37
106 36
105 36
104 35
103 35
102 34
101 34
100 33
99 33
98 33
97 33
96 32
95 32
94 32
93 31
92 31
91 31
90 31
89 31
88 31
87 30
86 30
85 30
84 30
83 30
82 30
81 30
80 30
79 30
78 30
77 31
76 31
75 31
74 31
73 31
102 35
106 37
111 40
114 41
115 42
116 43
117 44
118 45
119 46
120 47
122 50
123 51
127 58
123 104
121 107
120 108
119 109
118 110
117 111
116 112
115 113
114 114
113 115
112 116
107 119
64 35
71 32
