79 48
80 48
81 48
81 49
81 50
81 51
81 52
81 53
81 54
81 55
82 56
82 57
82 58
82 59
82 60
82 61
83 62
83 63
83 64
83 65
83 66
84 67
84 68
85 68
86 69
87 69
88 70
89 70
89 71
90 71
90 72
91 73
91 74
92 75
92 76
92 77
92 78
92 79
92 80
92 81
92 82
91 83
92 83
91 84
90 85
89 86
90 86
89 87
88 87
87 88
88 88
86 89
85 89
84 89
83 90
82 90
81 90
80 90
79 90
78 89
77 89
76 88
75 88
74 87
73 87
72 87
71 87
70 88
69 88
68 89
69 89
67 90
66 90
65 91
64 91
63 91
62 91
61 90
62 89
63 88
64 87
65 87
66 86
67 86
68 85
69 85
70 84
70 83
70 82
70 81
70 80
70 79
70 78
70 77
70 76
70 75
71 74
71 73
72 72
73 71
74 70
75 69
76 69
77 68
78 67
79 66
79 65
79 64
79 63
79 62
79 61
79 60
79 59
78 58
78 57
78 56
78 55
78 54
78 53
78 52
78 51
78 50
78 49
79 67
78 68
75 70
72 73
68 86
64 88
76 89
