95 8
96 8
97 8
98 8
99 8
100 9
101 9
101 10
101 11
101 12
101 13
101 14
101 15
101 16
101 17
101 18
101 19
101 20
101 21
101 22
102 23
102 24
103 24
104 23
105 22
106 21
107 20
108 19
109 18
110 17
111 16
112 15
113 14
114 13
115 12
116 12
117 12
117 13
118 14
118 15
118 16
117 17
117 18
117 19
117 20
117 21
117 22
117 23
117 24
117 25
116 26
115 27
114 28
115 28
114 29
113 29
112 30
113 30
112 31
111 31
110 32
111 32
110 33
109 33
108 34
109 34
108 35
107 35
106 36
107 36
106 37
105 37
105 38
104 39
104 40
103 41
103 42
103 43
103 44
103 45
103 46
103 47
104 48
105 48
106 47
107 46
108 45
109 44
110 43
110 42
111 42
112 41
113 41
114 41
114 42
114 43
114 44
114 45
114 46
114 47
114 48
114 49
114 50
114 51
114 52
114 53
114 54
113 55
114 55
113 56
112 57
111 58
112 58
111 59
110 59
109 60
110 60
109 61
108 61
107 62
108 62
107 63
106 63
105 64
106 64
105 65
104 66
104 67
103 68
104 69
105 69
106 69
107 68
108 68
109 67
110 66
111 66
112 65
113 65
114 64
115 64
116 64
116 65
116 66
116 67
116 68
116 69
116 70
116 71
116 72
116 73
116 74
117 75
118 75
119 74
120 73
120 72
120 71
120 70
121 69
121 68
121 67
122 66
122 65
122 64
122 63
123 62
123 61
124 60
125 59
126 59
127 58
128 58
129 57
130 57
131 56
132 55
133 55
134 54
135 54
136 54
137 55
137 56
137 57
136 58
136 59
135 60
135 61
135 62
135 63
134 64
135 65
136 65
137 65
138 64
139 64
140 63
141 62
142 61
143 60
143 59
143 58
144 57
144 56
144 55
145 54
145 53
145 52
146 51
146 50
146 49
146 48
147 47
147 46
147 45
148 44
148 43
149 42
149 41
150 41
151 40
152 39
153 39
154 38
155 38
156 37
157 36
158 36
159 36
160 36
160 37
160 38
160 39
160 40
159 41
159 42
159 43
159 44
158 45
158 46
158 47
158 48
157 49
157 50
157 51
156 52
156 53
157 54
158 54
159 54
160 53
161 52
162 52
163 51
164 51
165 50
166 50
167 49
168 49
169 48
170 49
171 49
171 50
172 50
172 51
173 52
173 53
173 54
173 55
173 56
173 57
172 58
171 58
170 59
169 59
168 60
169 60
167 61
166 61
165 62
164 62
163 63
163 64
163 65
164 65
165 65
166 65
167 66
168 66
169 67
170 67
171 67
172 67
173 68
174 68
175 68
176 68
177 69
178 69
179 70
180 70
180 71
179 72
180 72
179 73
178 73
177 74
176 74
175 75
174 75
173 76
172 76
171 77
170 77
169 77
168 77
167 77
166 76
165 76
164 76
163 76
162 76
161 75
160 75
159 75
158 74
157 74
156 74
155 74
154 73
153 73
152 73
151 73
150 72
149 72
148 73
147 73
146 74
145 74
144 75
145 75
143 76
142 76
141 76
140 77
141 78
142 78
143 78
144 78
145 79
146 79
147 79
148 79
149 79
150 79
151 80
152 80
152 81
152 82
152 83
151 84
150 84
149 85
148 85
147 86
146 86
145 87
146 87
144 88
143 88
142 89
141 89
140 89
139 89
138 89
137 88
136 88
135 88
134 88
133 87
132 87
131 87
130 87
129 87
128 86
127 86
126 86
125 86
124 87
123 87
123 88
124 89
125 89
126 90
127 90
128 91
129 92
130 92
131 93
132 93
133 94
133 95
133 96
132 97
133 97
131 98
130 98
129 99
128 99
127 100
126 100
125 101
124 101
124 102
124 103
125 103
126 103
127 103
128 103
129 103
130 102
131 102
132 102
133 102
134 102
135 102
136 101
137 101
138 100
139 100
140 100
141 101
142 101
143 102
144 102
145 103
146 103
146 104
147 104
148 105
149 105
150 106
151 106
152 107
152 108
151 109
152 109
150 110
149 110
148 110
147 110
146 111
145 111
144 111
143 111
142 111
141 111
141 112
141 113
142 113
142 114
143 114
144 115
145 115
146 116
147 116
148 117
149 117
150 117
151 117
152 116
153 116
154 116
155 116
156 116
157 115
158 115
159 115
160 114
161 114
162 114
163 114
164 114
165 114
166 113
167 113
168 113
169 113
170 113
171 113
172 114
173 114
174 115
175 115
175 116
176 116
177 117
178 117
178 118
179 118
180 119
180 120
179 121
178 121
177 121
176 122
175 122
174 122
173 122
172 122
171 123
170 123
169 123
168 124
167 124
166 124
165 124
164 125
163 125
163 126
163 127
164 127
164 128
165 128
166 129
167 129
168 130
169 130
170 131
171 131
171 132
172 132
173 133
173 134
173 135
173 136
173 137
172 138
172 139
171 140
170 141
169 141
168 141
167 141
166 140
165 139
164 139
163 138
162 138
161 137
160 137
159 136
158 136
157 136
156 137
157 138
157 139
157 140
157 141
158 142
158 143
158 144
158 145
159 146
159 147
159 148
159 149
160 150
160 151
160 152
159 153
158 153
157 153
156 153
155 152
154 152
153 151
152 151
151 150
150 149
149 148
148 147
148 146
147 145
147 144
147 143
146 142
146 141
146 140
145 139
145 138
145 137
145 136
144 135
144 134
144 133
143 132
143 131
143 130
142 129
141 128
140 127
139 126
138 126
137 125
136 125
135 125
134 126
135 127
135 128
135 129
135 130
136 131
136 132
136 133
136 134
136 135
135 136
134 136
133 135
132 135
131 134
130 134
129 133
128 132
127 132
126 131
125 130
124 129
123 128
122 127
122 126
122 125
122 124
121 123
121 122
121 121
120 120
120 119
120 118
120 117
119 116
118 115
117 114
116 114
116 115
116 116
116 117
116 118
116 119
116 120
116 121
116 122
116 123
116 124
116 125
115 126
114 126
113 125
112 125
111 124
110 124
109 124
108 123
107 122
106 122
105 121
104 121
103 122
104 123
104 124
105 125
105 126
106 126
106 127
107 127
107 128
108 128
108 129
109 129
109 130
110 130
110 131
111 131
111 132
112 132
112 133
113 134
113 135
114 135
114 136
114 137
114 138
114 139
114 140
114 141
114 142
114 143
114 144
114 145
114 146
114 147
114 148
113 149
112 149
111 148
110 147
109 146
108 145
107 144
106 143
105 142
104 142
103 143
103 144
103 145
103 146
103 147
103 148
103 149
103 150
104 151
104 152
105 152
105 153
106 153
106 154
107 154
107 155
108 155
108 156
109 156
109 157
110 157
110 158
111 158
111 159
112 159
112 160
113 161
113 162
114 162
114 163
115 163
115 164
116 164
116 165
117 165
117 166
117 167
118 168
118 169
118 170
118 171
118 172
118 173
118 174
118 175
117 176
117 177
116 178
115 177
114 176
113 175
112 174
111 173
110 172
109 171
108 170
107 169
106 169
105 168
104 167
103 167
102 167
101 168
101 169
101 170
101 171
101 172
101 173
101 174
101 175
101 176
101 177
101 178
101 179
100 180
99 180
98 180
97 180
96 180
95 180
94 180
93 180
92 179
92 178
92 177
92 176
92 175
92 174
92 173
92 172
92 171
92 170
92 169
92 168
91 167
90 167
89 168
90 168
89 169
88 169
87 170
88 170
87 171
86 171
85 172
84 173
83 174
82 174
81 175
82 175
81 176
80 176
79 177
80 177
79 178
78 178
77 178
76 177
76 176
76 175
76 174
76 173
76 172
76 171
76 170
76 169
76 168
76 167
77 166
77 165
78 164
79 163
80 162
81 161
82 160
83 159
84 158
85 157
86 156
86 155
87 154
88 153
89 152
90 151
90 150
90 149
90 148
90 147
90 146
90 145
90 144
89 143
89 142
90 142
90 143
88 143
87 144
88 144
87 145
86 145
85 146
86 146
85 147
84 147
83 148
84 148
83 149
82 149
81 149
80 148
80 147
80 146
80 145
80 144
80 143
80 142
80 141
80 140
80 139
80 138
80 137
80 136
81 135
81 134
82 133
83 132
84 131
84 130
85 129
86 128
87 127
88 126
89 125
90 124
90 123
90 122
89 121
90 121
88 122
87 122
86 123
85 123
84 124
85 124
83 125
82 125
81 126
80 126
79 126
78 125
78 124
78 123
78 122
78 121
78 120
78 119
78 118
78 117
78 116
78 115
77 114
76 115
75 115
75 116
74 117
74 118
74 119
73 120
73 121
73 122
73 123
72 124
72 125
72 126
71 127
71 128
71 129
70 130
69 131
68 131
67 132
66 132
65 133
64 133
63 134
64 134
62 135
61 135
60 136
59 136
58 136
57 135
57 134
57 133
58 132
58 131
58 130
59 129
59 128
59 127
60 126
60 125
59 124
60 124
58 125
57 125
56 126
55 126
54 127
55 127
53 128
52 128
52 129
51 130
51 131
50 132
50 133
50 134
50 135
49 136
49 137
49 138
48 139
48 140
48 141
47 142
47 143
47 144
47 145
46 146
46 147
45 148
44 149
45 149
43 150
42 150
41 151
40 151
39 152
40 152
38 153
37 153
36 153
35 153
34 152
34 151
34 150
34 149
34 148
35 147
35 146
36 145
36 144
36 143
36 142
36 141
37 140
37 139
37 138
38 137
38 136
37 135
38 135
36 136
35 136
34 137
33 137
32 138
33 138
31 139
30 139
29 140
28 140
27 141
26 141
25 141
24 141
23 140
22 139
22 138
21 137
21 136
20 135
20 134
21 133
22 132
23 131
24 131
25 130
26 130
27 129
28 129
29 128
30 128
31 127
32 126
31 125
30 125
29 124
28 124
27 124
26 123
25 123
24 123
23 122
22 122
21 122
20 122
19 121
18 121
17 121
16 120
15 120
14 119
14 118
15 117
16 117
17 116
18 116
19 115
20 115
21 114
22 114
23 113
24 113
25 113
26 113
27 113
28 113
29 113
30 114
31 114
32 114
33 114
34 114
35 115
36 115
37 115
38 116
39 116
40 116
41 116
42 116
43 117
44 117
45 117
46 117
47 116
48 116
49 115
50 115
51 114
52 113
53 112
52 111
51 111
50 111
49 111
48 110
47 110
46 110
45 110
44 110
43 109
42 108
42 107
43 106
44 106
45 105
46 105
47 104
48 103
49 103
50 102
51 102
52 101
53 101
54 100
55 100
56 100
57 101
58 101
59 101
60 102
61 102
62 102
63 102
64 102
65 103
66 103
67 103
68 103
69 103
70 102
69 101
68 100
67 100
66 99
65 99
64 98
63 98
62 97
61 96
60 95
61 94
62 93
63 93
64 92
65 92
66 91
67 91
68 90
69 89
70 88
70 87
69 86
68 86
67 86
66 87
65 87
64 87
63 87
62 87
61 88
60 88
59 88
58 88
57 88
56 89
55 89
54 89
53 89
52 88
51 88
50 87
49 87
48 86
47 86
46 85
45 84
44 84
43 83
42 82
42 81
42 80
43 80
44 79
45 79
46 79
47 79
48 79
49 79
50 78
51 78
52 77
51 76
50 75
49 75
48 74
47 74
46 73
45 73
44 73
43 73
42 73
41 74
40 74
39 74
38 74
37 74
36 75
35 75
34 75
33 76
32 76
31 76
30 76
29 76
28 77
27 77
26 77
25 77
24 77
23 77
22 76
21 76
20 75
19 74
18 74
17 73
16 73
15 72
14 71
15 70
16 69
17 69
18 68
19 68
20 68
21 68
22 67
23 67
24 67
25 67
26 66
27 66
28 65
29 65
30 65
31 64
31 63
30 62
29 61
28 61
27 60
26 60
25 59
24 59
23 58
22 57
21 56
20 55
21 54
21 53
22 52
22 51
23 50
23 49
24 49
25 48
26 49
27 49
28 49
29 50
30 50
30 51
31 51
32 52
33 52
33 53
34 53
35 54
36 54
37 54
38 53
37 52
37 51
37 50
37 49
36 48
36 47
36 46
36 45
35 44
35 43
34 42
34 41
34 40
34 39
34 38
34 37
34 36
35 36
36 36
37 36
37 37
38 37
39 38
40 38
41 39
42 39
42 40
43 40
44 41
45 41
45 42
46 43
46 44
47 45
47 46
47 47
47 48
48 49
48 50
48 51
49 52
49 53
49 54
50 55
50 56
50 57
50 58
51 59
51 60
52 61
52 62
53 62
53 63
54 63
55 64
56 64
57 65
58 65
59 66
60 65
60 64
59 63
59 62
59 61
58 60
58 59
58 58
57 57
57 56
57 55
58 54
59 54
60 54
61 55
62 55
62 56
63 56
64 57
65 57
66 58
67 58
68 59
69 59
69 60
70 60
70 61
71 61
71 62
71 63
71 64
72 65
72 66
73 67
73 68
73 69
73 70
74 71
74 72
74 73
75 74
75 75
76 75
76 76
77 76
78 75
78 74
78 73
78 72
78 71
78 70
78 69
78 68
78 67
78 66
78 65
79 64
80 63
81 64
82 64
82 65
83 65
84 66
85 66
85 67
86 67
87 68
88 68
89 68
90 67
90 66
89 65
88 64
87 63
86 62
85 61
84 60
84 59
83 58
82 57
81 56
81 55
80 54
80 53
80 52
80 51
80 50
80 49
80 48
80 47
80 46
80 45
80 44
80 43
80 42
81 41
82 41
83 41
83 42
84 42
84 43
85 43
85 44
86 44
86 45
87 45
87 46
88 46
88 47
89 47
90 46
90 45
90 44
90 43
90 42
90 41
90 40
90 39
89 38
88 37
87 36
86 35
85 34
84 33
83 32
82 31
81 30
81 29
80 28
79 27
78 26
77 25
77 24
76 23
76 22
76 21
76 20
76 19
76 18
76 17
76 16
76 15
76 14
76 13
77 12
78 12
79 12
79 13
80 13
80 14
81 14
81 15
82 15
82 16
83 16
83 17
84 17
84 18
85 18
85 19
86 19
87 20
88 21
89 22
90 23
91 23
92 22
92 21
92 20
92 19
92 18
92 17
92 16
92 15
92 14
92 13
92 12
92 11
93 10
93 9
94 9
92 23
78 25
82 30
83 31
84 32
85 33
86 34
87 35
88 36
89 37
90 38
89 48
82 56
83 57
85 60
86 61
87 62
88 63
89 64
90 65
90 68
78 76
38 54
21 57
22 58
29 62
31 65
19 75
52 76
52 78
42 83
45 85
70 89
69 90
61 97
64 99
68 101
70 101
70 103
52 102
48 104
43 107
42 109
53 111
53 113
52 114
49 116
19 116
15 118
14 120
32 125
32 127
23 132
23 139
34 153
90 125
89 126
88 127
87 128
86 129
85 130
83 133
82 134
90 152
89 153
88 154
87 155
83 160
82 161
81 162
80 163
79 164
78 165
92 167
101 180
104 168
107 170
108 171
109 172
110 173
111 174
112 175
113 176
114 177
115 178
117 178
106 142
107 145
108 146
109 147
110 148
111 149
114 149
116 126
118 114
119 115
123 129
124 130
125 131
128 133
136 136
139 127
142 128
149 149
150 150
160 153
165 140
171 141
126 101
161 53
157 37
152 40
143 61
142 62
141 63
138 65
132 56
125 60
124 61
119 75
109 45
108 46
107 47
106 48
115 13
114 14
113 15
112 16
111 17
110 18
109 19
108 20
107 21
106 22
105 23
104 24
