95 81
96 81
97 81
98 81
99 82
100 82
100 83
101 83
102 83
103 84
104 84
104 85
105 85
106 86
107 86
108 87
109 87
109 88
110 88
110 89
110 90
110 91
110 92
110 93
110 94
110 95
110 96
110 97
110 98
110 99
110 100
110 101
110 102
110 103
109 104
108 105
107 105
106 106
107 106
105 107
104 107
103 108
102 108
101 109
100 109
99 110
98 110
97 110
96 110
95 110
94 110
93 109
92 109
91 108
90 107
89 107
88 106
87 105
86 105
85 104
84 103
83 102
83 101
83 100
83 99
83 98
83 97
83 96
83 95
83 94
83 93
83 92
83 91
83 90
84 89
84 88
85 87
86 87
87 86
88 85
89 85
90 84
91 84
92 83
93 82
94 82
93 83
88 86
85 88
84 104
87 106
90 108
