132 49
132 48
132 47
132 46
133 45
133 44
134 43
134 42
135 41
136 41
137 40
138 40
139 39
140 39
141 38
142 38
143 38
144 38
145 38
146 38
147 38
148 38
149 38
150 38
151 39
152 39
153 39
154 40
155 40
156 40
157 41
158 41
159 42
160 42
161 43
162 43
163 44
164 44
164 45
165 45
165 46
166 46
166 47
167 48
167 49
167 50
168 51
168 52
168 53
168 54
167 55
167 56
166 57
165 58
166 58
165 59
164 60
163 61
164 61
163 62
162 62
161 63
162 63
161 64
160 65
159 66
160 66
159 67
158 67
157 68
158 68
157 69
156 70
155 71
156 71
155 72
154 72
153 73
154 73
153 74
152 74
151 75
152 75
151 76
150 77
149 78
150 78
149 79
148 79
147 80
148 80
147 81
146 81
146 82
145 83
144 84
143 85
142 86
143 86
141 87
140 88
139 89
140 89
139 90
138 90
138 91
137 92
136 93
137 93
136 94
135 94
134 95
135 95
134 96
133 96
132 96
131 95
130 94
130 93
130 92
130 91
130 90
130 89
130 88
130 87
130 86
130 85
130 84
130 83
130 82
130 81
130 80
130 79
130 78
130 77
130 76
130 75
130 74
130 73
130 72
130 71
130 70
130 69
130 68
130 67
130 66
130 65
130 64
130 63
130 62
130 61
131 60
131 59
131 58
131 57
131 56
131 55
131 54
131 53
131 52
131 51
131 50
131 96
135 42
