55 79
56 78
56 77
56 76
57 75
57 74
58 73
58 72
59 71
60 70
60 69
61 68
62 67
62 66
63 65
64 64
64 63
65 63
66 62
67 61
68 61
69 60
70 60
71 59
72 59
73 59
74 59
75 60
76 60
77 61
78 61
78 62
79 62
79 63
80 63
80 64
81 64
81 65
82 65
82 66
83 66
83 67
84 68
84 69
85 69
85 70
86 70
86 71
87 71
87 72
88 72
88 73
89 73
89 74
90 75
90 76
91 76
91 77
92 77
92 78
93 78
93 79
94 79
94 80
95 80
95 81
96 81
96 82
97 83
97 84
98 84
98 85
99 86
99 87
100 87
100 88
101 88
101 89
102 89
102 90
103 90
103 91
104 92
104 93
105 93
105 94
106 95
106 96
107 96
107 97
108 97
108 98
109 98
109 99
110 99
110 100
111 101
111 102
111 103
110 104
109 104
108 104
107 104
106 103
105 103
104 103
103 103
102 103
101 102
100 102
99 102
98 102
97 102
96 102
95 101
94 101
93 101
92 101
91 100
90 100
89 100
88 100
87 100
86 99
85 99
84 99
83 99
82 98
81 98
80 98
79 98
78 98
77 97
76 97
75 97
74 97
73 96
72 96
71 96
70 95
69 95
68 95
67 94
66 94
65 94
64 94
63 93
62 93
61 92
60 92
59 91
58 90
57 89
56 88
56 87
55 86
55 85
55 84
55 83
55 82
55 81
55 80
57 90
58 91
111 104
67 62
63 66
61 69
59 72
