22 38
23 38
24 38
25 38
26 38
27 38
28 39
29 39
30 39
31 39
32 40
33 40
34 40
35 41
36 41
37 41
38 42
39 42
39 43
40 43
41 43
42 44
43 44
43 45
44 45
45 46
46 46
47 47
48 47
48 48
49 48
50 49
51 49
51 50
52 50
53 51
54 51
55 52
56 52
57 53
58 53
58 54
59 54
59 55
60 55
60 56
59 57
60 57
59 58
58 58
57 59
58 59
57 60
56 61
55 62
56 62
55 63
54 64
53 65
54 65
53 66
52 66
51 66
50 66
49 65
48 65
47 65
46 64
45 64
44 64
43 64
42 63
41 63
40 62
39 62
38 62
37 62
36 61
35 61
34 60
33 60
32 59
31 59
30 58
29 58
28 57
27 56
26 56
25 55
24 54
23 53
22 52
21 51
20 50
19 49
19 48
18 47
18 46
17 45
17 44
17 43
18 42
18 41
19 40
20 39
21 39
20 51
21 52
22 53
23 54
24 55
27 57
