68 56
69 56
70 56
71 56
72 56
73 57
74 57
75 58
76 58
76 59
77 59
77 60
78 60
78 61
79 62
79 63
79 64
79 65
79 66
80 67
80 68
80 69
80 70
80 71
80 72
80 73
79 74
79 75
79 76
79 77
78 78
77 79
78 79
77 80
76 80
75 81
76 81
75 82
74 82
73 83
74 83
72 84
71 84
70 84
69 84
68 84
67 84
66 84
65 84
64 84
63 83
62 82
61 81
60 80
59 79
58 78
57 77
57 76
56 75
56 74
56 73
55 72
55 71
56 70
56 69
56 68
57 67
57 66
58 65
58 64
59 63
59 62
60 61
61 60
62 60
63 59
64 58
65 58
66 57
67 57
64 59
61 61
60 62
58 79
59 80
60 81
61 82
62 83
