90 63
91 63
92 64
93 64
94 64
95 64
96 64
97 64
98 64
99 64
100 64
101 64
102 65
103 65
104 65
105 66
106 66
107 66
108 67
109 67
110 68
111 68
112 69
113 69
114 70
115 70
115 71
116 71
116 72
117 72
117 73
118 73
118 74
119 74
119 75
120 76
120 77
121 78
121 79
121 80
121 81
121 82
121 83
121 84
120 85
119 85
118 86
117 86
116 86
115 86
114 86
113 86
112 86
111 86
110 86
109 86
108 86
107 85
106 85
105 85
104 85
103 85
102 84
101 84
100 83
99 83
98 82
97 82
96 81
95 81
94 80
93 80
92 79
91 79
90 78
89 77
88 77
87 76
86 75
85 74
84 73
84 72
83 71
83 70
83 69
83 68
83 67
83 66
84 65
85 64
86 64
87 64
88 64
89 64
85 75
86 76
89 78
98 83
