69 13
70 13
71 13
72 13
72 14
73 14
73 15
74 15
74 16
74 17
75 18
75 19
75 20
75 21
75 22
76 23
76 24
76 25
76 26
76 27
76 28
76 29
76 30
76 31
76 32
76 33
76 34
76 35
76 36
76 37
76 38
76 39
76 40
76 41
76 42
76 43
76 44
76 45
76 46
76 47
75 48
75 49
75 50
75 51
74 52
73 52
72 52
71 52
70 52
69 52
68 53
67 53
66 53
65 52
64 51
64 50
63 49
63 48
63 47
62 46
62 45
62 44
62 43
62 42
62 41
62 40
61 39
61 38
61 37
61 36
61 35
61 34
61 33
61 32
61 31
61 30
61 29
61 28
61 27
61 26
62 25
62 24
62 23
62 22
63 21
63 20
64 19
64 18
65 17
66 16
66 15
67 14
68 14
67 15
65 18
65 53
75 52
