51 73
50 74
49 74
48 75
47 75
46 76
47 76
45 77
44 77
43 78
44 78
42 79
41 79
40 80
41 80
40 81
39 81
38 82
37 82
36 83
37 83
36 84
35 84
34 85
35 85
33 86
32 86
31 87
32 87
31 88
30 88
29 89
30 89
29 90
28 90
27 91
28 91
27 92
26 92
25 93
26 93
25 94
24 94
24 95
23 96
22 97
23 97
22 98
21 99
21 100
21 101
20 102
20 103
20 104
20 105
21 106
21 107
22 107
23 108
24 108
25 108
26 108
27 109
28 109
29 109
30 109
31 109
32 108
33 108
34 108
35 108
36 108
37 107
38 107
39 106
40 105
41 104
42 104
43 103
44 102
45 101
46 100
47 99
48 98
49 97
50 97
51 96
52 95
53 94
54 93
54 92
55 91
56 90
56 89
56 88
57 87
57 86
57 85
57 84
57 83
56 82
55 81
55 80
54 79
54 78
54 77
53 76
53 75
52 74
53 74
56 81
55 92
49 98
48 99
47 100
46 101
45 102
44 103
41 105
40 106
