82 79
83 79
84 79
85 79
85 80
86 80
86 81
87 81
87 82
88 82
88 83
89 83
89 84
90 84
90 85
91 85
91 86
92 87
92 88
93 88
93 89
94 89
94 90
95 91
95 92
96 92
96 93
97 94
97 95
98 96
98 97
99 98
99 99
100 100
100 101
100 102
101 103
101 104
102 105
102 106
102 107
102 108
102 109
102 110
103 111
103 112
103 113
103 114
103 115
102 116
102 117
102 118
101 119
102 119
101 120
100 120
99 120
98 120
97 120
96 120
95 120
94 119
93 118
92 118
91 117
90 116
89 115
88 114
87 113
86 112
85 111
85 110
84 109
83 108
83 107
82 106
82 105
81 104
80 103
80 102
79 101
79 100
78 99
78 98
77 97
77 96
76 95
76 94
76 93
75 92
75 91
74 90
74 89
75 88
75 87
76 86
77 85
78 84
79 83
80 82
81 81
82 80
81 82
80 83
79 84
78 85
77 86
76 87
81 103
84 108
86 111
87 114
88 115
89 116
90 117
93 119
94 120
