107 28
108 28
109 28
110 29
111 29
112 29
113 30
114 30
114 31
114 32
114 33
114 34
114 35
114 36
113 37
113 38
112 39
111 40
112 40
111 41
110 41
110 42
109 43
108 44
109 44
108 45
107 45
106 46
107 46
106 47
105 47
104 48
105 48
104 49
103 49
102 50
103 50
101 51
100 51
99 52
100 52
99 53
98 53
97 54
96 54
95 55
96 55
94 56
93 56
92 57
93 57
91 58
90 58
89 59
88 59
87 60
86 60
85 60
84 60
83 60
82 60
81 59
80 58
79 57
79 56
79 55
79 54
80 53
80 52
81 51
81 50
82 49
82 48
83 47
84 46
85 45
85 44
86 43
87 42
88 41
89 40
90 39
91 38
92 37
93 36
94 35
95 34
96 33
97 33
98 32
99 32
100 31
101 30
102 30
103 29
104 29
105 29
106 29
101 31
96 34
95 35
94 36
93 37
92 38
91 39
90 40
89 41
88 42
87 43
86 44
84 47
83 48
80 59
81 60
