25 127
26 126
26 125
27 124
28 123
29 123
30 122
31 121
32 121
33 120
34 120
35 119
36 119
37 118
38 118
39 117
40 116
41 116
42 115
43 115
44 114
45 114
46 113
47 113
48 112
49 112
50 111
51 111
52 110
53 110
54 109
55 109
56 108
57 108
58 107
59 107
60 106
61 106
62 105
63 105
64 104
65 104
66 103
67 102
68 102
69 101
70 101
71 101
72 100
73 99
74 99
75 98
76 98
77 98
77 99
78 99
77 100
78 100
77 101
77 102
76 103
76 104
76 105
75 106
75 107
74 108
74 109
73 110
73 111
73 112
72 113
72 114
72 115
71 116
71 117
70 118
70 119
69 120
69 121
68 122
68 123
67 124
67 125
67 126
66 127
66 128
65 129
65 130
65 131
64 132
64 133
63 134
63 135
62 136
61 137
62 137
61 138
60 139
60 140
59 141
59 142
58 143
57 144
58 144
57 145
56 145
55 146
56 146
55 147
54 147
53 148
52 148
51 149
50 149
49 149
48 149
47 149
46 149
45 149
44 148
43 148
42 148
41 147
40 147
39 146
38 146
37 145
36 144
35 143
34 143
33 142
32 141
31 140
30 139
29 138
28 137
27 136
26 135
26 134
26 133
25 132
25 131
25 130
25 129
25 128
27 134
27 135
28 136
29 137
30 138
31 141
32 142
35 144
36 145
39 147
54 148
73 100
67 103
44 115
40 117
31 122
28 124
27 125
