92 37
93 36
93 35
93 34
93 33
93 32
93 31
93 30
93 29
93 28
93 27
93 26
92 38
92 39
92 40
92 41
92 42
92 43
92 44
92 45
92 46
92 47
92 48
92 49
92 50
92 51
92 52
92 53
92 54
92 55
92 56
92 57
92 58
92 59
92 60
92 61
92 62
92 63
92 64
92 65
92 66
92 67
92 68
92 69
92 70
93 71
93 72
94 72
95 72
96 71
97 70
98 69
99 68
100 67
100 66
101 65
102 64
103 63
104 62
105 61
106 60
107 59
108 58
108 57
109 56
110 55
111 54
112 53
113 52
113 51
114 50
115 49
116 48
117 47
118 46
119 45
119 44
120 43
121 42
122 41
123 40
123 39
124 38
125 37
126 36
127 35
127 34
128 33
129 32
129 31
130 30
130 29
130 28
130 27
129 26
129 25
129 24
128 23
127 22
126 21
125 20
124 19
123 19
122 18
121 18
120 17
119 17
118 16
117 16
116 16
115 15
114 15
113 15
112 14
111 14
110 14
109 14
108 14
107 14
106 14
105 14
104 14
103 14
102 15
101 15
100 16
99 16
98 17
97 17
96 18
97 18
96 19
95 20
95 21
94 22
94 23
94 24
126 20
127 21
128 22
128 34
126 37
125 38
124 39
122 42
121 43
120 44
118 47
117 48
116 49
115 50
114 51
112 54
111 55
110 56
109 57
105 62
102 65
101 66
99 69
98 70
97 71
96 72
