98 100
99 99
99 98
100 98
101 98
102 99
103 99
104 100
105 100
105 101
106 101
107 102
108 102
108 103
109 103
110 104
111 104
111 105
112 105
113 106
114 106
114 107
115 107
115 108
116 108
117 109
118 109
118 110
119 110
120 111
121 111
121 112
122 112
123 113
124 113
124 114
125 114
125 115
126 115
127 116
128 116
128 117
129 117
130 118
131 118
131 119
132 119
132 120
133 120
133 121
134 121
135 122
136 123
136 124
137 124
138 125
139 125
139 126
140 126
140 127
141 127
141 128
142 128
142 129
143 130
143 131
143 132
143 133
143 134
143 135
143 136
143 137
143 138
142 139
142 140
141 141
142 141
141 142
140 142
139 143
140 143
139 144
138 144
137 145
138 145
137 146
136 146
135 147
136 147
135 148
134 148
133 149
134 149
132 150
131 150
130 151
129 151
128 152
129 152
127 153
126 153
125 153
124 154
123 154
122 154
121 154
120 154
119 154
118 154
117 153
116 153
115 152
114 151
113 150
113 149
112 148
112 147
111 146
111 145
111 144
110 143
110 142
114 152
115 153
99 101
99 102
99 103
100 104
100 105
100 106
100 107
100 108
100 109
101 110
101 111
101 112
102 113
102 114
102 115
103 116
103 117
103 118
103 119
104 120
104 121
104 122
105 123
105 124
105 125
105 126
106 127
106 128
106 129
107 130
107 131
107 132
107 133
108 134
108 135
108 136
108 137
109 138
109 139
109 140
