9 86
10 85
10 84
11 83
11 82
12 81
13 80
14 79
15 79
16 78
17 78
18 78
19 78
20 78
21 78
22 78
23 78
24 79
25 79
26 79
27 79
28 79
29 80
30 80
31 80
32 80
33 80
34 80
35 80
36 80
37 81
38 81
39 81
40 81
41 81
42 82
43 82
44 82
45 82
46 82
47 82
48 83
49 83
50 83
51 83
52 83
53 84
54 84
55 84
56 84
57 84
58 85
59 85
60 85
61 85
62 85
63 86
64 86
65 86
66 86
67 86
68 87
69 87
70 87
71 88
71 89
71 90
70 91
69 91
68 92
69 92
67 93
66 93
65 94
64 94
63 95
62 95
61 96
62 96
60 97
59 97
58 98
57 98
56 99
55 99
54 100
53 100
52 101
51 101
50 102
49 102
48 103
49 103
47 104
46 104
45 105
44 105
43 106
42 106
41 107
40 107
39 108
38 108
37 109
36 109
35 110
34 110
33 110
32 110
31 111
30 111
29 112
28 112
27 112
26 113
25 113
24 113
23 113
22 113
21 112
20 112
19 112
18 111
17 110
16 109
15 108
14 107
13 106
13 105
12 104
12 103
11 102
11 101
10 100
10 99
10 98
10 97
9 96
9 95
9 94
9 93
9 92
9 91
9 90
9 89
9 88
9 87
14 108
15 109
16 110
17 111
18 112
66 94
14 80
13 81
12 82
