103 88
104 88
105 87
106 87
107 87
108 87
109 87
110 87
111 87
112 87
113 86
114 86
115 86
116 86
117 86
118 86
119 85
120 85
121 85
122 85
123 85
124 85
125 85
126 85
127 85
128 85
129 84
130 84
131 84
132 84
133 84
134 84
135 84
136 84
137 84
138 83
139 83
140 83
141 83
142 83
143 83
144 83
145 83
146 83
147 83
148 83
149 83
150 83
151 83
152 83
153 83
154 83
155 84
156 84
157 85
158 85
158 86
159 86
159 87
160 87
160 88
161 88
161 89
162 89
162 90
163 91
163 92
163 93
163 94
163 95
163 96
163 97
163 98
163 99
163 100
163 101
163 102
163 103
163 104
163 105
162 106
162 107
162 108
162 109
161 110
161 111
160 112
160 113
159 114
160 114
159 115
158 115
157 116
158 116
157 117
156 117
155 118
156 118
154 119
153 119
152 119
151 119
150 119
149 119
148 118
147 118
146 118
145 117
144 116
143 116
142 115
141 115
140 114
139 114
138 113
137 112
136 111
135 111
134 110
133 110
132 109
131 109
130 108
129 107
128 107
127 106
126 105
125 105
124 104
123 103
122 103
121 102
120 102
119 101
118 100
117 100
116 99
115 98
114 98
113 97
112 97
111 96
110 95
109 95
108 94
107 93
106 93
105 92
104 91
103 90
103 89
103 91
104 92
107 94
110 96
115 99
118 101
123 104
126 106
129 108
136 112
137 113
144 117
