17 55
18 54
18 53
18 52
19 51
19 50
20 49
20 48
21 47
22 46
22 45
23 44
24 43
24 42
25 41
26 40
26 39
27 39
28 38
29 37
30 37
31 36
32 36
33 35
34 35
35 35
36 35
37 36
38 36
39 37
40 37
40 38
41 38
41 39
42 39
42 40
43 40
43 41
44 41
44 42
45 42
45 43
46 44
46 45
47 45
47 46
48 46
48 47
49 47
49 48
50 48
50 49
51 49
51 50
52 51
52 52
53 52
53 53
54 53
54 54
55 54
55 55
56 55
56 56
57 56
57 57
58 57
58 58
59 59
59 60
60 60
60 61
61 62
61 63
62 63
62 64
63 64
63 65
64 65
64 66
65 66
65 67
66 68
66 69
67 69
67 70
68 71
68 72
69 72
69 73
70 73
70 74
71 74
71 75
72 75
72 76
73 77
73 78
73 79
72 80
71 80
70 80
69 80
68 79
67 79
66 79
65 79
64 79
63 78
62 78
61 78
60 78
59 78
58 78
57 77
56 77
55 77
54 77
53 76
52 76
51 76
50 76
49 76
48 75
47 75
46 75
45 75
44 74
43 74
42 74
41 74
40 74
39 73
38 73
37 73
36 73
35 72
34 72
33 72
32 71
31 71
30 71
29 70
28 70
27 70
26 70
25 69
24 69
23 68
22 68
21 67
20 66
19 65
18 64
18 63
17 62
17 61
17 60
17 59
17 58
17 57
17 56
19 66
20 67
73 80
29 38
25 42
23 45
21 48
