1 96
2 95
2 94
2 93
3 92
4 91
4 90
4 89
5 88
5 87
5 86
5 85
6 84
6 83
6 82
7 81
7 80
8 79
9 78
10 77
11 76
12 75
12 74
13 73
14 73
15 72
16 71
17 70
18 69
19 69
20 68
21 68
22 68
23 67
24 66
24 65
23 64
22 63
21 62
20 61
19 60
18 59
18 58
17 57
17 56
16 55
16 54
16 53
16 52
15 51
15 50
15 49
16 48
16 47
16 46
17 45
17 44
17 43
18 42
18 41
19 40
19 39
20 38
21 37
21 36
22 35
23 34
24 33
25 32
26 31
27 30
28 29
29 28
30 27
31 26
32 25
33 25
34 24
35 23
36 22
37 21
38 20
39 20
40 19
41 18
42 18
43 17
44 17
45 16
46 16
47 15
48 14
49 13
50 13
51 12
52 12
53 12
54 11
55 11
56 10
57 10
58 9
59 9
60 8
61 8
62 8
63 7
64 6
65 6
66 5
67 5
68 5
69 4
70 4
71 3
72 3
73 2
74 2
75 1
76 2
77 2
77 3
77 4
76 5
77 5
75 6
74 6
73 7
74 7
73 8
72 8
71 9
72 9
71 10
70 10
69 11
68 11
67 12
68 12
67 13
66 13
65 14
66 14
64 15
63 15
62 16
63 16
62 17
61 17
60 18
61 18
60 19
59 19
58 20
59 20
58 21
57 21
57 22
56 23
56 24
57 25
57 26
58 27
58 28
59 29
59 30
59 31
59 32
59 33
59 34
59 35
58 36
57 37
58 37
57 38
56 38
56 39
56 40
56 41
56 42
56 43
56 44
56 45
56 46
56 47
56 48
55 49
56 49
55 50
54 51
53 52
52 52
51 53
52 53
51 54
51 55
52 55
53 55
54 55
55 54
56 54
57 54
58 54
59 54
60 54
61 54
62 53
63 53
64 53
65 53
66 54
67 54
68 54
69 54
70 54
71 54
72 54
73 53
74 53
75 53
76 53
77 52
78 52
79 52
80 51
81 51
82 50
83 50
84 49
85 49
86 48
87 48
88 47
89 46
90 46
91 45
92 44
93 43
94 42
95 41
96 40
97 39
98 38
99 37
99 36
100 35
101 34
101 33
102 32
103 31
104 30
104 29
105 29
106 28
107 29
107 30
107 31
107 32
107 33
107 34
107 35
107 36
107 37
107 38
107 39
106 40
106 41
106 42
107 42
108 42
109 42
110 41
111 41
112 41
113 41
114 41
115 42
116 42
117 42
118 42
119 43
120 43
120 44
120 45
120 46
119 47
120 47
118 48
117 48
116 48
115 48
114 49
113 49
112 50
111 50
110 51
109 51
108 52
107 52
106 53
105 53
104 54
103 54
102 55
101 55
100 56
99 56
98 57
99 57
98 58
97 58
96 59
95 59
94 60
95 60
94 61
93 61
92 62
93 62
92 63
91 63
90 64
91 64
90 65
89 65
88 66
89 66
88 67
87 67
87 68
86 69
85 70
86 70
85 71
84 71
83 72
84 72
83 73
82 73
81 73
80 73
79 73
78 73
77 73
76 74
75 74
74 74
73 75
72 75
72 76
71 77
70 78
71 78
70 79
69 79
69 80
69 81
69 82
70 82
71 82
72 82
73 83
73 84
74 85
74 86
74 87
74 88
74 89
75 90
76 90
77 90
78 90
79 90
80 90
81 91
82 91
83 91
84 92
85 92
85 93
86 93
86 94
86 95
87 96
87 97
88 97
88 98
89 98
90 98
91 98
92 98
93 98
94 99
95 99
96 100
97 100
97 101
98 101
98 102
99 103
99 104
99 105
99 106
99 107
99 108
98 109
99 110
100 110
101 110
102 109
103 109
104 109
105 109
106 109
107 109
108 108
109 108
110 108
111 108
112 108
113 107
114 107
115 107
116 107
117 107
118 107
119 106
120 106
121 106
122 107
123 107
124 107
125 107
126 108
127 108
127 109
127 110
126 111
127 111
126 112
125 112
124 113
125 113
123 114
122 114
121 115
120 115
119 115
118 116
117 116
116 116
115 117
114 117
113 118
112 118
111 118
110 118
109 119
108 119
107 120
106 120
105 120
104 120
103 121
102 121
101 121
100 122
99 122
98 122
97 123
96 123
95 123
94 123
93 124
92 124
91 124
90 124
89 125
88 125
87 125
86 125
85 125
84 125
83 126
82 126
81 126
80 127
79 127
78 127
77 127
76 127
75 127
74 127
73 127
72 128
71 128
70 128
69 128
68 128
67 128
66 128
65 128
64 128
63 128
62 127
61 127
60 127
59 127
58 127
57 127
56 127
55 127
54 126
53 126
52 125
51 124
50 124
49 123
48 122
47 121
46 120
45 119
44 118
43 117
43 116
42 115
42 114
41 113
41 112
40 111
40 110
40 109
40 108
40 107
40 106
40 105
40 104
40 103
39 102
39 101
39 100
38 99
37 98
37 97
36 96
36 95
35 94
34 93
33 92
32 93
31 93
30 93
29 93
28 94
27 94
26 94
25 95
26 95
25 96
24 96
23 97
22 97
21 98
22 98
21 99
20 99
19 99
18 99
17 99
16 99
15 99
14 99
13 99
12 99
11 98
10 98
9 98
8 98
7 98
6 98
5 99
4 99
3 99
2 98
1 97
2 96
1 98
1 99
2 99
35 93
37 96
44 117
45 120
46 121
47 122
48 123
51 125
107 53
103 32
102 33
100 36
98 39
97 40
93 44
92 45
89 47
82 51
50 56
49 56
48 57
47 57
46 57
45 58
44 58
43 59
42 59
41 60
40 60
49 57
64 7
49 14
48 15
41 19
38 21
37 22
36 23
35 24
32 26
31 27
30 28
29 29
28 30
27 31
26 32
25 33
24 34
23 35
22 36
20 39
19 59
20 60
21 61
22 62
23 63
24 67
18 70
17 71
16 72
13 74
11 77
10 78
9 79
8 80
4 92
3 93
