41 115
42 114
42 113
42 112
43 111
44 110
44 109
44 108
45 107
45 106
45 105
45 104
46 103
46 102
46 101
47 100
47 99
48 98
49 97
50 96
51 95
52 94
52 93
53 92
54 92
55 91
56 90
57 89
58 88
59 88
60 87
61 87
62 87
63 86
64 85
64 84
63 83
62 82
61 81
60 80
59 79
58 78
58 77
57 76
57 75
56 74
56 73
56 72
56 71
55 70
55 69
55 68
56 67
56 66
56 65
57 64
57 63
57 62
58 61
58 60
59 59
59 58
60 57
61 56
61 55
62 54
63 53
64 52
65 51
66 50
67 49
68 48
69 47
70 46
71 45
72 44
73 44
74 43
75 42
76 41
77 40
78 39
79 39
80 38
81 37
82 37
83 36
84 36
85 35
86 35
87 34
88 33
89 32
90 32
91 31
92 31
93 31
94 30
95 30
96 29
97 29
98 28
99 28
100 27
101 27
102 27
103 26
104 25
105 25
106 24
107 24
108 24
109 23
110 23
111 22
112 22
113 21
114 21
115 20
116 21
117 21
117 22
117 23
116 24
117 24
115 25
114 25
113 26
114 26
113 27
112 27
111 28
112 28
111 29
110 29
109 30
108 30
107 31
108 31
107 32
106 32
105 33
106 33
104 34
103 34
102 35
103 35
102 36
101 36
100 37
101 37
100 38
99 38
98 39
99 39
98 40
97 40
97 41
96 42
96 43
97 44
97 45
98 46
98 47
99 48
99 49
99 50
99 51
99 52
99 53
99 54
98 55
97 56
98 56
97 57
96 57
96 58
96 59
96 60
96 61
96 62
96 63
96 64
96 65
96 66
96 67
95 68
96 68
95 69
94 70
93 71
92 71
91 72
92 72
91 73
91 74
92 74
93 74
94 74
95 73
96 73
97 73
98 73
99 73
100 73
101 73
102 72
103 72
104 72
105 72
106 73
107 73
108 73
109 73
110 73
111 73
112 73
113 72
114 72
115 72
116 72
117 71
118 71
119 71
120 70
121 70
122 69
123 69
124 68
125 68
126 67
127 67
128 66
129 65
130 65
131 64
132 63
133 62
134 61
135 60
136 59
137 58
138 57
139 56
139 55
140 54
141 53
141 52
142 51
143 50
144 49
144 48
145 48
146 47
147 48
147 49
147 50
147 51
147 52
147 53
147 54
147 55
147 56
147 57
147 58
146 59
146 60
146 61
147 61
148 61
149 61
150 60
151 60
152 60
153 60
154 60
155 61
156 61
157 61
158 61
159 62
160 62
160 63
160 64
160 65
159 66
160 66
158 67
157 67
156 67
155 67
154 68
153 68
152 69
151 69
150 70
149 70
148 71
147 71
146 72
145 72
144 73
143 73
142 74
141 74
140 75
139 75
138 76
139 76
138 77
137 77
136 78
135 78
134 79
135 79
134 80
133 80
132 81
133 81
132 82
131 82
130 83
131 83
130 84
129 84
128 85
129 85
128 86
127 86
127 87
126 88
125 89
126 89
125 90
124 90
123 91
124 91
123 92
122 92
121 92
120 92
119 92
118 92
117 92
116 93
115 93
114 93
113 94
112 94
112 95
111 96
110 97
111 97
110 98
109 98
109 99
109 100
109 101
110 101
111 101
112 101
113 102
113 103
114 104
114 105
114 106
114 107
114 108
115 109
116 109
117 109
118 109
119 109
120 109
121 110
122 110
123 110
124 111
125 111
125 112
126 112
126 113
126 114
127 115
127 116
128 116
128 117
129 117
130 117
131 117
132 117
133 117
134 118
135 118
136 119
137 119
137 120
138 120
138 121
139 122
139 123
139 124
139 125
139 126
139 127
138 128
139 129
140 129
141 129
142 128
143 128
144 128
145 128
146 128
147 128
148 127
149 127
150 127
151 127
152 127
153 126
154 126
155 126
156 126
157 126
158 126
159 125
160 125
161 125
162 126
163 126
164 126
165 126
166 127
167 127
167 128
167 129
166 130
167 130
166 131
165 131
164 132
165 132
163 133
162 133
161 134
160 134
159 134
158 135
157 135
156 135
155 136
154 136
153 137
152 137
151 137
150 137
149 138
148 138
147 139
146 139
145 139
144 139
143 140
142 140
141 140
140 141
139 141
138 141
137 142
136 142
135 142
134 142
133 143
132 143
131 143
130 143
129 144
128 144
127 144
126 144
125 144
124 144
123 145
122 145
121 145
120 146
119 146
118 146
117 146
116 146
115 146
114 146
113 146
112 147
111 147
110 147
109 147
108 147
107 147
106 147
105 147
104 147
103 147
102 146
101 146
100 146
99 146
98 146
97 146
96 146
95 146
94 145
93 145
92 144
91 143
90 143
89 142
88 141
87 140
86 139
85 138
84 137
83 136
83 135
82 134
82 133
81 132
81 131
80 130
80 129
80 128
80 127
80 126
80 125
80 124
80 123
80 122
79 121
79 120
79 119
78 118
77 117
77 116
76 115
76 114
75 113
74 112
73 111
72 112
71 112
70 112
69 112
68 113
67 113
66 113
65 114
66 114
65 115
64 115
63 116
62 116
61 117
62 117
61 118
60 118
59 118
58 118
57 118
56 118
55 118
54 118
53 118
52 118
51 117
50 117
49 117
48 117
47 117
46 117
45 118
44 118
43 118
42 117
41 116
42 115
41 117
41 118
42 118
75 112
77 115
84 136
85 139
86 140
87 141
88 142
91 144
147 72
143 51
142 52
140 55
138 58
137 59
133 63
132 64
129 66
122 70
90 75
89 75
88 76
87 76
86 76
85 77
84 77
83 78
82 78
81 79
80 79
89 76
104 26
89 33
88 34
81 38
78 40
77 41
76 42
75 43
72 45
71 46
70 47
69 48
68 49
67 50
66 51
65 52
64 53
63 54
62 55
60 58
59 78
60 79
61 80
62 81
63 82
64 86
58 89
57 90
56 91
53 93
51 96
50 97
49 98
48 99
44 111
43 112
